dados_process/media_preci.asc.aux.xml
NCOLS 139
NROWS 92
XLLCORNER -40151.9
YLLCORNER 91363.3
CELLSIZE 250
NODATA_VALUE -9999
[rows 0 to 23 of 92, columns 55 to 109 of 139]
0.12431774 0.12916237 0.133681 0.13778402 0.14139716 0.14446166 0.14693398 0.14878551 0.15000256 0.15058673 0.15055581 0.14994501 0.14880817 0.14721862 0.1452688 0.1430681 0.14073822 0.13840602 0.1361943 0.13421167 0.13254345 0.13124511 0.13033975 0.12981982 0.12965235 0.12978642 0.13016112 0.13071282 0.1313808 0.132111 0.13285806 0.13358591 0.13426738 0.13488326 0.13542109 0.13587386 0.13623879 0.13651629 0.13670906 0.13682136 0.13685848 0.13682626 0.13673078 0.13657817 0.13637439 0.13612516 0.13583585 0.13551148 0.13515669 0.13477573 0.13437247 0.1339504 0.1335127 0.1330622 0.13260145
0.12716877 0.13221259 0.13690638 0.14115477 0.14487822 0.14801315 0.15051168 0.15234129 0.15348499 0.15394196 0.15372875 0.15288116 0.15145605 0.14953291 0.147214 0.14462229 0.14189642 0.13918216 0.13662129 0.13433908 0.13243288 0.13096413 0.12995543 0.12939301 0.12923363 0.12941402 0.12986074 0.13049882 0.1312582 0.13207781 0.13290748 0.13370822 0.13445143 0.1351176 0.13569465 0.13617644 0.13656129 0.1368508 0.13704888 0.1371609 0.13719319 0.13715248 0.13704567 0.13687956 0.13666069 0.13639524 0.13608901 0.13574734 0.13537512 0.13497681 0.13455646 0.13411769 0.13366377 0.1331976 0.13272179
0.13051636 0.13575258 0.14061812 0.14501175 0.14884828 0.15205872 0.15459002 0.15640488 0.15748203 0.15781713 0.15742449 0.15633946 0.15462112 0.15235456 0.14965172 0.1466496 0.14350467 0.14038312 0.13744732 0.13484069 0.13267369 0.1310141 0.12988376 0.12926195 0.12909432 0.12930449 0.12980603 0.13051246 0.13134453 0.13223446 0.13312765 0.13398258 0.13476961 0.13546913 0.13606966 0.13656602 0.13695767 0.1372474 0.13744025 0.13754266 0.13756187 0.13750546 0.13738102 0.13719593 0.13695722 0.13667148 0.13634482 0.13598283 0.13559063 0.13517282 0.13473356 0.13427657 0.13380516 0.1333223 0.1328306
0.13438199 0.13980773 0.14484648 0.14939096 0.15334989 0.15664813 0.15922658 0.16104216 0.16206821 0.16229577 0.16173576 0.16042203 0.15841487 0.15580423 0.15271133 0.14928723 0.14570682 0.1421576 0.13882374 0.13586792 0.13341451 0.131538 0.13025939 0.12955081 0.12934653 0.12955706 0.13008314 0.13082727 0.13170155 0.13263207 0.13356035 0.13444276 0.13524887 0.13595914 0.13656275 0.13705543 0.13743769 0.13771336 0.13788848 0.13797037 0.13796705 0.13788676 0.13773764 0.13752752 0.1372638 0.13695335 0.13660251 0.13621705 0.13580219 0.13536264 0.13490262 0.13442586 0.13393572 0.13343515 0.13292674
0.1387748 0.14439326 0.14961354 0.15432215 0.15842109 0.16182828 0.16447757 0.16631897 0.16731929 0.16746377 0.16675874 0.16523543 0.16295428 0.1600092 0.15653003 0.1526815 0.14865694 0.14466548 0.1409136 0.13758381 0.13481483 0.13268822 0.13122451 0.13038908 0.13010549 0.130272 0.13077762 0.13151488 0.13238825 0.13331852 0.13424389 0.13511901 0.13591278 0.13660577 0.13718765 0.13765488 0.13800876 0.13825391 0.13839708 0.13844623 0.1384099 0.13829678 0.13811535 0.13787372 0.1375795 0.13723971 0.1368608 0.1364486 0.13600838 0.13554484 0.13506219 0.13456417 0.13405408 0.13353482 0.13300896
0.1436891 0.14951144 0.15493026 0.15982553 0.16409188 0.16763931 0.17039354 0.17229643 0.17330702 0.1734035 0.17258646 0.17088329 0.16835355 0.16509407 0.16124241 0.1569763 0.15250687 0.14806447 0.14387765 0.1401486 0.13703054 0.1346125 0.13291537 0.13189913 0.1314783 0.13154086 0.13196602 0.13263804 0.13345513 0.13433375 0.13520937 0.13603513 0.13677926 0.1374222 0.13795383 0.13837092 0.13867519 0.13887164 0.13896733 0.13897053 0.13888999 0.13873455 0.13851281 0.13823295 0.13790258 0.13752874 0.13711783 0.13667563 0.13620735 0.13571762 0.13521057 0.13468985 0.13415867 0.13361985 0.13307585
0.14910199 0.15514872 0.16079295 0.16590774 0.17037956 0.17410942 0.1770136 0.17902449 0.18009196 0.18018588 0.17929979 0.17745619 0.17471261 0.17116784 0.16696617 0.16229722 0.1573889 0.15249166 0.14785504 0.14370021 0.14019461 0.13743535 0.13544511 0.13418071 0.13355047 0.133435 0.13370638 0.13424286 0.13493802 0.13570497 0.13647693 0.13720559 0.13785831 0.138415 0.1388652 0.13920549 0.13943743 0.13956589 0.13959783 0.13954133 0.13940502 0.13919758 0.13892743 0.13860256 0.13823043 0.13781786 0.1373711 0.13689575 0.13639684 0.13587885 0.13534573 0.134801 0.13424771 0.13368856 0.13312589
0.15497122 0.16127263 0.16717936 0.17255708 0.17728318 0.18124841 0.18435816 0.18653375 0.18771436 0.18786003 0.18695604 0.18501878 0.18210283 0.17830799 0.1737843 0.16873219 0.1633949 0.1580414 0.15294062 0.1483314 0.14439501 0.14123736 0.13888497 0.13729459 0.13637198 0.13599404 0.13602899 0.13635157 0.13685242 0.13744227 0.13805245 0.13863308 0.13915024 0.13958274 0.13991913 0.14015513 0.14029153 0.14033245 0.1402842 0.14015427 0.13995073 0.13968173 0.13935523 0.13897879 0.13855947 0.13810375 0.13761751 0.13710606 0.13657416 0.13602602 0.13546537 0.13489548 0.13431924 0.13373915 0.13315739
0.16123342 0.1678289 0.17404466 0.17973836 0.18477725 0.18904036 0.19242042 0.19482583 0.19618328 0.1964413 0.19557546 0.19359498 0.19055063 0.18654253 0.18172577 0.17631065 0.17055442 0.16474279 0.15916219 0.15406767 0.14965381 0.14603621 0.14324766 0.14124837 0.13994563 0.13921663 0.13892914 0.13895693 0.13918936 0.13953561 0.13992533 0.14030686 0.14064445 0.14091515 0.14110582 0.14121061 0.14122882 0.14116325 0.14101899 0.14080246 0.14052075 0.14018116 0.13979086 0.13935674 0.13888525 0.1383823 0.13785331 0.13730316 0.1367362 0.1361563 0.13556688 0.13497095 0.13437111 0.13376966 0.13316856
0.16780292 0.17473897 0.18131759 0.18738774 0.19280526 0.19743574 0.20115719 0.20386291 0.20546484 0.2058981 0.20512698 0.20315244 0.20002083 0.19583239 0.19074711 0.18498473 0.17881564 0.17254084 0.16646256 0.16085055 0.15591221 0.15177375 0.14847658 0.14598786 0.14422037 0.1430554 0.14236344 0.14201964 0.14191354 0.14195352 0.14206762 0.14220216 0.14231904 0.1423929 0.1424082 0.14235681 0.14223591 0.14204641 0.14179165 0.14147651 0.14110673 0.1406884 0.14022766 0.13973044 0.13920239 0.13864871 0.13807419 0.13748315 0.13687945 0.13626653 0.13564744 0.13502482 0.134401 0.133778 0.13315753
0.17457148 0.18189838 0.18889748 0.19540826 0.20127374 0.20634407 0.21048014 0.21355748 0.21547075 0.21613938 0.21551467 0.21358838 0.21040229 0.20605715 0.20071856 0.19461627 0.18803374 0.18128652 0.17469127 0.16853124 0.16302604 0.15831311 0.15444435 0.15139667 0.14909161 0.1474177 0.14625078 0.14546936 0.14496437 0.14464398 0.14443483 0.14428094 0.14414148 0.1439881 0.1438023 0.14357308 0.14329499 0.14296648 0.14258873 0.14216471 0.14169842 0.14119447 0.1406577 0.14009291 0.13950474 0.13889753 0.1382753 0.13764172 0.13700008 0.1363533 0.13570398 0.13505438 0.13440647 0.13376196 0.13312232
0.18140915 0.18917644 0.19665265 0.20366694 0.21004794 0.21562816 0.22024864 0.22376411 0.22604902 0.22700462 0.22656754 0.22471972 0.22149879 0.21700739 0.21141857 0.20497376 0.1979705 0.19073891 0.18360929 0.17687722 0.17077371 0.16544736 0.16096148 0.15730447 0.15440871 0.15217215 0.15047789 0.14920926 0.14825961 0.14753748 0.14696828 0.14649372 0.14606999 0.14566543 0.1452582 0.14483401 0.14438436 0.14390491 0.14339432 0.14285331 0.14228394 0.14168907 0.14107204 0.14043633 0.13978544 0.13912273 0.13845136 0.13777423 0.13709398 0.13641297 0.13573328 0.13505675 0.13438497 0.1337193 0.13306091
0.18816659 0.19641777 0.204421 0.21199428 0.21895025 0.22510143 0.23026606 0.23427488 0.23697899 0.23825898 0.23803541 0.23628028 0.23302845 0.22838696 0.22253932 0.21574146 0.20830692 0.20058095 0.19290698 0.18559159 0.17887581 0.17291846 0.16779396 0.16350258 0.1599884 0.15715989 0.15490853 0.15312348 0.15170132 0.15055155 0.14959872 0.14878238 0.14805578 0.14738389 0.14674134 0.14611041 0.1454793 0.14484068 0.14419049 0.143527 0.14285013 0.14216086 0.14146086 0.14075221 0.14003713 0.1393179 0.13859675 0.13787575 0.13715683 0.13644173 0.135732 0.135029 0.1343339 0.13364771 0.13297127
0.19467887 0.20344579 0.21201313 0.22018692 0.22776229 0.23452949 0.24028106 0.2448206 0.24797295 0.24959591 0.24959314 0.24792756 0.24463372 0.23982665 0.23370435 0.22654081 0.2186678 0.21044638 0.20223224 0.19434124 0.18702226 0.18044241 0.17468577 0.16976359 0.1656314 0.16220829 0.15939463 0.15708601 0.15518291 0.15359638 0.15225065 0.15108355 0.15004567 0.1490988 0.14821415 0.14737058 0.14655303 0.1457511 0.14495794 0.14416932 0.14338292 0.14259777 0.14181381 0.14103159 0.14025205 0.13947633 0.13870564 0.13794121 0.13718421 0.13643573 0.13569675 0.13496814 0.13425064 0.13354488 0.13285137
0.20077079 0.21006846 0.21921834 0.22801388 0.23623145 0.24363703 0.249995 0.25507917 0.25868585 0.26064878 0.26085497 0.25926025 0.25590235 0.25090879 0.24449654 0.23696108 0.22865423 0.21995287 0.21122336 0.20278826 0.19490146 0.18773555 0.18138196 0.17586117 0.17113903 0.16714476 0.16378755 0.16096974 0.15859629 0.15658047 0.15484685 0.15333216 0.15198487 0.15076401 0.14963772 0.14858171 0.14757779 0.14661265 0.1456767 0.14476326 0.1438678 0.14298738 0.14212021 0.14126532 0.14042232 0.13959119 0.13877212 0.13796547 0.13717165 0.13639108 0.13562415 0.13487123 0.13413262 0.13340857 0.13269924
0.20626338 0.21608569 0.22581316 0.23522629 0.24408184 0.25212019 0.25907592 0.26469141 0.26873345 0.27101178 0.27139838 0.26984516 0.26639741 0.2611998 0.25449226 0.24659425 0.23787816 0.22873532 0.21954013 0.21061851 0.20222589 0.19453714 0.18764826 0.18158681 0.17632739 0.17180848 0.16794772 0.16465439 0.16183837 0.15941584 0.15731251 0.15546474 0.1538196 0.152334 0.15097353 0.14971115 0.14852592 0.14740182 0.14632679 0.14529181 0.14429025 0.14331727 0.14236943 0.14144426 0.14054008 0.13965571 0.13879036 0.1379435 0.13711479 0.13630399 0.13551091 0.13473541 0.13397735 0.13323659 0.13251298
0.2109811 0.22129826 0.23157201 0.24156992 0.25102893 0.25966351 0.26717802 0.2732834 0.27771756 0.28026809 0.28079503 0.27925055 0.27569206 0.27028543 0.26329613 0.25506815 0.24599301 0.23647356 0.22688846 0.21756311 0.20875077 0.20062541 0.19328487 0.18676161 0.18103741 0.17605894 0.1717519 0.16803253 0.16481604 0.16202222 0.15957865 0.15742223 0.15549943 0.15376576 0.15218492 0.15072769 0.14937081 0.14809599 0.14688891 0.14573849 0.14463618 0.14357541 0.14255115 0.14155956 0.14059772 0.13966334 0.1387547 0.13787043 0.13700943 0.13617083 0.13535388 0.13455794 0.13378246 0.13302692 0.13229082
0.2147593 0.22551714 0.23627877 0.2467993 0.25679654 0.2659599 0.27396485 0.28049273 0.28525531 0.28802171 0.28864444 0.2870806 0.28340372 0.27780334 0.27057081 0.26207276 0.25271624 0.24291114 0.23303583 0.22341105 0.21428448 0.2058263 0.1981339 0.19124278 0.1851405 0.17978101 0.17509762 0.17101352 0.16744963 0.16432991 0.16158466 0.15915214 0.15697903 0.15502028 0.15323839 0.1516026 0.15008788 0.14867406 0.14734501 0.14608785 0.14489236 0.14375043 0.14265564 0.14160287 0.14058806 0.13960794 0.13865986 0.13774169 0.13685164 0.13598821 0.13515014 0.13433633 0.13354579 0.13277766 0.13203115
0.21745123 0.2285726 0.23973831 0.25069203 0.26113407 0.27073116 0.27913295 0.28599521 0.29100835 0.29392827 0.29460532 0.29300587 0.28922229 0.28346798 0.27605782 0.26737674 0.2578418 0.2478643 0.23781746 0.22801344 0.2186914 0.21001555 0.20208113 0.1949253 0.18854032 0.18288672 0.17790503 0.17352538 0.16967466 0.16628161 0.16327991 0.16060995 0.1582195 0.15606368 0.15410456 0.15231045 0.15065515 0.14911712 0.1476788 0.14632588 0.14504676 0.14383202 0.14267403 0.14156657 0.14050457 0.13948386 0.13850101 0.13755314 0.13663785 0.13575308 0.13489707 0.1340683 0.1332654 0.13248718 0.13173254
0.21893419 0.23032229 0.2417868 0.2530616 0.26383219 0.27374642 0.28243312 0.28952836 0.29470771 0.29772035 0.29841985 0.29678538 0.29292881 0.28708514 0.27958789 0.27083376 0.26124303 0.25122235 0.24113495 0.23128112 0.22188928 0.21311621 0.20505389 0.19774031 0.19117174 0.18531476 0.18011684 0.17551502 0.17144245 0.16783303 0.16462446 0.16175996 0.1591891 0.15686794 0.1547588 0.15282973 0.15105389 0.1494089 0.14787619 0.14644039 0.14508885 0.14381109 0.1425985 0.14144393 0.14034147 0.13928616 0.13827388 0.13730112 0.13636493 0.13546275 0.13459238 0.13375191 0.13293963 0.13215404 0.1313938
0.2191145 0.23065767 0.24229992 0.25376759 0.26473509 0.27483654 0.28368639 0.29090851 0.29617122 0.29922385 0.29992808 0.29827789 0.29440317 0.28855587 0.28108125 0.27237996 0.26286813 0.25294176 0.24294988 0.23317828 0.22384318 0.21509314 0.20701641 0.19965137 0.1929979 0.18702832 0.18169685 0.17694742 0.17271958 0.16895278 0.16558919 0.16257546 0.15986361 0.15741128 0.15518168 0.15314319 0.1512689 0.14953605 0.14792552 0.14642125 0.14500984 0.14368004 0.14242249 0.1412293 0.14009388 0.13901065 0.13797489 0.13698258 0.13603028 0.13511501 0.13423418 0.13338555 0.13256712 0.13177712 0.13101397
0.21793098 0.22950855 0.24119847 0.25272251 0.26374844 0.27390287 0.28279341 0.29003994 0.29531161 0.29836431 0.29907167 0.29744262 0.29362167 0.2878713 0.2805404 0.2720253 0.26273077 0.25303678 0.24327473 0.23371403 0.22455794 0.21594654 0.20796427 0.20064981 0.19400652 0.18801223 0.18262779 0.17780398 0.17348685 0.16962163 0.16615536 0.16303857 0.16022625 0.15767819 0.15535904 0.15323804 0.15128872 0.14948841 0.14781781 0.14626057 0.14480283 0.14343288 0.14214079 0.1409182 0.13975797 0.13865404 0.13760124 0.13659512 0.13563186 0.13470812 0.13382103 0.13296802 0.13214687 0.13135558 0.13059237
0.21535701 0.22684552 0.23845128 0.24989487 0.26084262 0.2709203 0.27973667 0.28691599 0.29213573 0.29516388 0.2958882 0.29433118 0.29064698 0.28510122 0.27803802 0.26984147 0.26089853 0.2515687 0.24216313 0.23293374 0.22407054 0.21570527 0.20791874 0.20075005 0.19420598 0.18826979 0.18290881 0.17808062 0.17373781 0.16983151 0.1663139 0.16313975 0.16026742 0.1576593 0.15528195 0.15310596 0.1511057 0.14925901 0.14754683 0.14595279 0.14446293 0.14306529 0.14174968 0.14050739 0.13933094 0.13821394 0.13715089 0.13613703 0.13516824 0.13424092 0.13335194 0.13249853 0.13167825 0.13088893 0.13012863
0.2114013 0.22268055 0.23407539 0.24530899 0.25605156 0.26593488 0.2745766 0.281613 0.28673638 0.28973078 0.29049882 0.28907368 0.28561345 0.28037933 0.2737028 0.26594875 0.25748106 0.24863529 0.23970067 0.23091098 0.22244312 0.21442082 0.20692161 0.19998514 0.19362163 0.18781969 0.182553 0.1777858 0.17347718 0.16958427 0.1660645 0.16287712 0.15998419 0.15735105 0.15494653 0.15274294 0.1507159 0.14884411 0.14710906 0.14549472 0.14398726 0.14257475 0.14124693 0.13999494 0.13881115 0.13768897 0.13662269 0.13560736 0.13463865 0.13371279 0.13282645 0.13197672 0.13116101 0.13037701 0.12962265
