dados_process/media_vento.asc.aux.xml
NCOLS 139
NROWS 92
XLLCORNER -40151.9
YLLCORNER 91363.3
CELLSIZE 250
NODATA_VALUE -9999
[rows 50 to 74 of 92, columns 0 to 56 of 139]
0.67037892 0.67161954 0.67285112 0.67406994 0.67527188 0.67645236 0.67760639 0.67872847 0.67981259 0.68085224 0.68184037 0.68276937 0.68363111 0.68441695 0.68511775 0.68572392 0.68622553 0.68661237 0.68687407 0.68700032 0.68698102 0.68680654 0.68646802 0.68595769 0.68526926 0.68439832 0.68334283 0.68210356 0.68068455 0.67909363 0.67734274 0.67544831 0.67343147 0.67131804 0.66913845 0.6669273 0.66472278 0.66256575 0.66049855 0.65856369 0.65680225 0.65525236 0.65394769 0.65291655 0.65218188 0.65176345 0.65168404 0.65198357 0.65274298 0.65407647 0.65572992 0.65571827 0.65308447 0.65071304 0.64916353 0.6478614 0.64646905
0.67461119 0.6759611 0.67730441 0.67863725 0.67995532 0.68125384 0.68252752 0.68377052 0.68497644 0.68613827 0.68724836 0.68829843 0.68927955 0.69018214 0.690996 0.69171033 0.6923138 0.69279465 0.69314083 0.69334009 0.69338028 0.69324956 0.6929367 0.69243149 0.69172515 0.69081078 0.68968396 0.68834324 0.68679079 0.68503296 0.68308078 0.68095048 0.67866377 0.67624801 0.67373616 0.67116642 0.66858156 0.66602801 0.66355446 0.66121038 0.65904411 0.65710099 0.6554215 0.65403988 0.65298371 0.65227603 0.65194309 0.65203776 0.6527122 0.6544764 0.65903251 0.66223528 0.65244386 0.64954583 0.64856421 0.64770306 0.64661359
0.67885407 0.68031744 0.68177714 0.68322921 0.68466923 0.68609224 0.68749274 0.68886459 0.69020104 0.69149464 0.69273722 0.69391985 0.69503285 0.69606575 0.69700728 0.69784543 0.69856749 0.6991601 0.69960939 0.69990113 0.70002093 0.69995452 0.69968806 0.69920857 0.69850436 0.69756563 0.69638506 0.69495846 0.69328554 0.69137057 0.68922314 0.68685872 0.68429919 0.68157314 0.67871587 0.67576914 0.67278052 0.66980228 0.66688995 0.66410045 0.66148989 0.65911113 0.65701132 0.65522956 0.65379502 0.65272631 0.65203328 0.65172512 0.65183736 0.65253492 0.65469659 0.51531968 0.64399513 0.64690482 0.64746634 0.64723153 0.64647335
0.68310511 0.68468624 0.68626718 0.68784393 0.68941201 0.69096634 0.69250126 0.69401043 0.69548681 0.69692259 0.69830913 0.69963694 0.70089565 0.70207394 0.70315955 0.70413929 0.70499906 0.7057239 0.70629808 0.70670529 0.70692878 0.70695164 0.70675718 0.70632929 0.70565303 0.70471518 0.70350497 0.70201486 0.70024142 0.69818617 0.69585653 0.69326658 0.69043781 0.68739954 0.68418916 0.68085191 0.67744024 0.67401264 0.67063198 0.66736331 0.66427118 0.66141664 0.65885394 0.65662697 0.65476554 0.6532809 0.65215884 0.65134362 0.65068423 0.64969721 0.6464126 0.63893923 0.64189043 0.64537421 0.64661456 0.64674532 0.64619866
0.68736131 0.6890646 0.69077174 0.69247879 0.69418124 0.69587401 0.69755135 0.69920678 0.70083307 0.70242212 0.70396496 0.7054516 0.70687108 0.70821132 0.70945916 0.71060028 0.71161926 0.71249955 0.71322359 0.7137729 0.71412827 0.71427002 0.71417835 0.71383374 0.71321755 0.71231265 0.71110423 0.7095807 0.70773472 0.70556425 0.70307368 0.70027488 0.69718817 0.69384302 0.69027843 0.68654293 0.6826939 0.67879637 0.67492116 0.67114223 0.66753359 0.66416554 0.66110056 0.6583887 0.65606238 0.65412958 0.65256333 0.65128098 0.6500987 0.64864978 0.6464801 0.64437507 0.64444293 0.64561806 0.6463601 0.64642066 0.64588406
0.69161912 0.69344895 0.69528731 0.69713036 0.69897366 0.70081219 0.70264019 0.70445118 0.70623781 0.70799184 0.70970403 0.71136406 0.71296046 0.71448057 0.7159104 0.71723464 0.71843662 0.7194983 0.72040029 0.72112199 0.72164168 0.72193677 0.72198416 0.72176064 0.72124346 0.72041107 0.71924399 0.71772581 0.7158444 0.71359319 0.7109725 0.70799098 0.70466679 0.70102868 0.69711663 0.69298202 0.68868712 0.68430378 0.67991137 0.67559373 0.67143552 0.66751777 0.66391296 0.66067965 0.65785656 0.65545574 0.65345392 0.65178145 0.65031308 0.64889133 0.64747688 0.64640757 0.6461004 0.64630554 0.64645272 0.64622189 0.64552768
0.69587436 0.69783507 0.69980963 0.70179437 0.70378504 0.70577672 0.70776381 0.70973987 0.7116976 0.71362873 0.7155239 0.7173726 0.71916305 0.72088209 0.72251511 0.72404595 0.72545686 0.72672842 0.72783954 0.72876753 0.72948819 0.72997598 0.73020436 0.73014616 0.72977418 0.72906194 0.72798461 0.72652015 0.72465064 0.72236385 0.71965484 0.71652771 0.7129972 0.70909017 0.70484662 0.70032014 0.69557758 0.69069775 0.68576915 0.68088654 0.6761466 0.6716428 0.6674597 0.66366695 0.66031324 0.65742035 0.65497785 0.65294043 0.65123411 0.64978572 0.64858332 0.64770648 0.64720331 0.64692713 0.64660503 0.64601482 0.64505072
0.70012222 0.70221801 0.70433362 0.70646566 0.70861011 0.71076232 0.7129169 0.71506764 0.71720739 0.71932799 0.72142016 0.72347335 0.72547564 0.72741361 0.72927222 0.73103467 0.73268232 0.73419457 0.73554882 0.73672043 0.73768281 0.7384075 0.73886447 0.73902241 0.73884937 0.73831345 0.73738382 0.7360319 0.73423296 0.73196777 0.72922468 0.72600165 0.7223084 0.71816834 0.7136201 0.70871843 0.70353414 0.6981529 0.6926728 0.68720046 0.68184608 0.67671739 0.67191312 0.66751637 0.66358832 0.66016303 0.65724416 0.65480534 0.6527974 0.65116468 0.64986411 0.64886226 0.64809297 0.64741901 0.64665916 0.64565728 0.64433033
0.70435723 0.70659206 0.70885337 0.71113808 0.71344255 0.71576248 0.71809284 0.72042774 0.72276038 0.72508289 0.72738621 0.72965998 0.73189235 0.73406989 0.73617735 0.73819759 0.74011132 0.74189705 0.74353091 0.74498657 0.74623522 0.74724564 0.74798431 0.74841576 0.74850303 0.74820842 0.74749444 0.74632513 0.7446677 0.74249457 0.73978561 0.73653075 0.73273262 0.72840914 0.72359568 0.71834655 0.7127354 0.70685425 0.70081096 0.69472488 0.68872113 0.68292356 0.67744716 0.67239044 0.66782866 0.66380859 0.66034568 0.65742458 0.65500366 0.65302277 0.65140954 0.65007688 0.64891199 0.64777319 0.6465115 0.64500988 0.64321692
0.70857327 0.71095079 0.71336208 0.71580451 0.7182749 0.72076942 0.72328352 0.72581181 0.72834797 0.7308846 0.7334131 0.73592349 0.73840429 0.74084229 0.74322237 0.74552731 0.74773756 0.74983106 0.75178301 0.75356573 0.75514852 0.75649763 0.75757626 0.75834483 0.75876128 0.75878179 0.75836166 0.75745669 0.75602487 0.75402861 0.7514374 0.74823085 0.74440196 0.73996052 0.73493603 0.72938007 0.72336734 0.71699513 0.71038077 0.70365693 0.696965 0.69044682 0.68423571 0.67844754 0.67317285 0.66847099 0.66436677 0.66085023 0.65787911 0.65538316 0.6532679 0.65141665 0.649693 0.64795101 0.6460584 0.6439283 0.64154645
0.71276355 0.71528699 0.71785212 0.72045687 0.7230986 0.72577408 0.72847939 0.73120979 0.7339596 0.7367221 0.73948937 0.74225209 0.74499937 0.74771857 0.75039502 0.75301182 0.75554953 0.75798595 0.76029582 0.76245053 0.76441793 0.76616215 0.76764345 0.76881834 0.76963978 0.77005767 0.7700197 0.76947263 0.76836403 0.76664468 0.76427148 0.76121106 0.75744374 0.7529678 0.7478035 0.74199645 0.73561972 0.72877392 0.72158495 0.71419898 0.70677481 0.69947421 0.69245116 0.68584108 0.67975138 0.67425436 0.66938299 0.66512991 0.66144905 0.65825925 0.65544901 0.6528826 0.65041007 0.64788492 0.64519096 0.64227396 0.63916593
0.71692064 0.7195927 0.722315 0.72508606 0.72790394 0.73076611 0.73366941 0.7366099 0.73958275 0.74258213 0.74560101 0.74863099 0.75166211 0.7546826 0.75767864 0.76063405 0.76352999 0.76634462 0.76905271 0.77162534 0.77402947 0.77622765 0.77817774 0.77983277 0.781141 0.78204613 0.78248804 0.78240381 0.78172953 0.78040261 0.77836509 0.7755676 0.77197415 0.7675674 0.76235395 0.75636915 0.74968056 0.74238913 0.73462751 0.72655491 0.71834849 0.710192 0.70226282 0.69471881 0.68768674 0.68125343 0.67546049 0.67030272 0.66572972 0.66165031 0.65793925 0.65444743 0.65101746 0.64750742 0.6438227 0.63995008 0.63597987
0.72103649 0.72385928 0.72674139 0.72968207 0.73268012 0.73573387 0.73884105 0.74199868 0.74520296 0.74844915 0.75173135 0.75504238 0.7583735 0.7617142 0.76505189 0.76837159 0.77165555 0.77488287 0.77802902 0.78106538 0.78395874 0.78667084 0.78915782 0.79136992 0.79325121 0.79473959 0.79576712 0.79626091 0.79614461 0.79534074 0.79377405 0.79137591 0.78808989 0.78387807 0.77872797 0.77265905 0.76572807 0.75803194 0.74970709 0.74092451 0.73188029 0.72278238 0.71383493 0.70522219 0.69709411 0.68955529 0.68265837 0.67640196 0.67073284 0.66555174 0.66072292 0.65608826 0.65148836 0.64679219 0.64193472 0.63695397 0.63201028
0.7251025 0.72807743 0.73112123 0.73423396 0.7374153 0.74066453 0.74398038 0.74736101 0.75080383 0.75430537 0.75786114 0.76146542 0.76511103 0.76878908 0.77248865 0.77619644 0.77989635 0.78356904 0.78719137 0.79073581 0.79416984 0.79745523 0.80054735 0.80339455 0.80593755 0.80810908 0.80983384 0.81102893 0.81160499 0.81146829 0.81052399 0.80868086 0.80585742 0.80198956 0.79703909 0.79100256 0.78391901 0.77587527 0.76700705 0.75749481 0.74755366 0.73741813 0.72732332 0.71748515 0.70808234 0.69924253 0.69103398 0.68346301 0.67647702 0.66997231 0.66380677 0.65781847 0.65185214 0.64579507 0.63962017 0.63342529 0.62744758
0.72910956 0.73223723 0.73544374 0.73873001 0.7420967 0.74554411 0.74907216 0.75268025 0.75636715 0.7601309 0.76396861 0.76787632 0.77184872 0.77587889 0.77995803 0.784075 0.78821595 0.79236375 0.79649738 0.80059129 0.80461454 0.80853002 0.81229341 0.8158523 0.8191452 0.82210071 0.82463696 0.82666146 0.82807173 0.82875682 0.82860034 0.82748513 0.82529994 0.82194816 0.81735835 0.81149563 0.80437264 0.79605813 0.78668087 0.77642706 0.76553023 0.75425394 0.74286935 0.73163088 0.72075368 0.71039608 0.70064896 0.69153268 0.68300105 0.6749516 0.66724191 0.65971299 0.65222126 0.6446802 0.63710752 0.62966448 0.62266292
0.73304815 0.73632829 0.73969754 0.74315776 0.74671065 0.75035766 0.75409996 0.75793832 0.76187305 0.76590385 0.77002967 0.77424854 0.77855731 0.78295141 0.78742454 0.79196824 0.79657144 0.80121991 0.80589554 0.81057561 0.81523183 0.8198293 0.8243253 0.828668 0.8327951 0.83663243 0.84009281 0.84307512 0.84546414 0.84713137 0.84793739 0.84773616 0.84638203 0.84373939 0.83969514 0.83417321 0.82714939 0.81866434 0.80883155 0.79783765 0.78593294 0.77341239 0.76058913 0.74776458 0.7352002 0.72309512 0.71157255 0.70067578 0.69037326 0.68057169 0.67113644 0.66191983 0.65279847 0.64371914 0.63474771 0.62610513 0.61816452
0.73690839 0.74033978 0.74387076 0.74750418 0.75124283 0.75508937 0.75904632 0.76311595 0.76730021 0.77160062 0.77601816 0.78055305 0.78520458 0.78997084 0.79484841 0.79983196 0.80491375 0.81008306 0.81532548 0.82062199 0.82594798 0.83127194 0.83655411 0.84174476 0.84678237 0.85159173 0.85608197 0.86014481 0.86365338 0.86646197 0.86840737 0.86931251 0.86899316 0.86726837 0.86397476 0.85898436 0.8522242 0.84369485 0.83348413 0.82177173 0.80882181 0.79496267 0.78055583 0.76595963 0.7514938 0.73741089 0.72387865 0.71097468 0.69869257 0.68695811 0.67565405 0.66465333 0.6538607 0.64326094 0.63296624 0.62324522 0.61450866
0.74068016 0.74426059 0.74795117 0.75175578 0.75567833 0.75972276 0.763893 0.76819289 0.77262613 0.77719619 0.78190618 0.78675873 0.79175577 0.79689831 0.80218615 0.80761744 0.81318828 0.81889204 0.82471866 0.83065368 0.83667712 0.8427621 0.8488731 0.85496405 0.86097602 0.86683462 0.8724473 0.87770058 0.88245763 0.88655667 0.88981097 0.89201119 0.89293141 0.89233975 0.89001433 0.88576442 0.87945547 0.87103451 0.86055125 0.84816912 0.83416144 0.81889075 0.80277335 0.78623526 0.76966794 0.75339192 0.73763383 0.72251894 0.70807821 0.69426766 0.68099755 0.66817009 0.65572396 0.64368251 0.63219619 0.62156221 0.61219926
0.74435323 0.74807945 0.75192633 0.75589879 0.76000191 0.76424093 0.76862121 0.77314823 0.77782748 0.78266446 0.78766453 0.79283284 0.79817412 0.8036925 0.80939121 0.81527223 0.82133583 0.82757996 0.83399948 0.8405852 0.84732265 0.85419058 0.86115902 0.86818706 0.87522006 0.88218645 0.8889942 0.89552691 0.90164004 0.90715774 0.91187096 0.9155382 0.91789015 0.91863994 0.91750015 0.91420735 0.90855278 0.90041582 0.88979432 0.87682417 0.86178122 0.84506147 0.82714136 0.80852507 0.78968974 0.7710394 0.75287505 0.73538412 0.71864797 0.70266417 0.68737988 0.67273306 0.65869854 0.64533367 0.63281368 0.62144112 0.61161206
0.74791735 0.75178505 0.75578373 0.75991937 0.76419819 0.76862675 0.77321187 0.77796064 0.7828804 0.7879787 0.7932632 0.7987416 0.80442154 0.81031036 0.8164149 0.82274112 0.82929374 0.83607558 0.84308685 0.85032414 0.85777918 0.86543716 0.87327474 0.88125743 0.88933645 0.89744494 0.90549353 0.91336535 0.92091077 0.92794241 0.93423121 0.93950497 0.9434511 0.94572574 0.94597126 0.94384363 0.93904891 0.93138555 0.92078552 0.90734474 0.89133285 0.87317625 0.85341456 0.83263882 0.81142462 0.79027432 0.76957862 0.74960146 0.73048725 0.71228551 0.6949877 0.67857102 0.66304442 0.64849015 0.6350913 0.62313221 0.6129602
0.75136242 0.7553662 0.75951098 0.76380374 0.76825186 0.77286316 0.77764591 0.7826088 0.78776098 0.79311203 0.79867188 0.80445083 0.81045936 0.81670808 0.82320742 0.82996744 0.83699735 0.84430501 0.85189617 0.85977351 0.86793531 0.8763738 0.88507292 0.89400557 0.90313005 0.91238573 0.9216878 0.93092121 0.93993391 0.94852992 0.95646322 0.96343371 0.96908757 0.97302458 0.97481539 0.97403095 0.97028453 0.96328306 0.9528802 0.93911938 0.92225384 0.90273439 0.88116336 0.85822359 0.83459854 0.8109011 0.78762479 0.76512278 0.74361355 0.723207 0.70394375 0.68584042 0.66893447 0.65332118 0.63917411 0.62673927 0.61629687
0.75467855 0.75881198 0.76309596 0.76753845 0.77214792 0.77693343 0.78190461 0.78707172 0.79244564 0.79803789 0.80386063 0.80992661 0.81624915 0.82284195 0.82971902 0.83689436 0.84438163 0.85219366 0.86034171 0.86883451 0.87767702 0.88686861 0.89640083 0.90625441 0.91639542 0.92677045 0.93730063 0.94787456 0.95834011 0.96849566 0.97808167 0.98677398 0.99418145 0.99985097 1.0032837 1.0039659 1.0014154 0.99524194 0.98521211 0.97130621 0.95375038 0.933011 0.90974794 0.88473524 0.85876784 0.83257622 0.80676562 0.7817877 0.75794315 0.73540799 0.71427413 0.69459517 0.6764295 0.6598732 0.64507539 0.63222969 0.62153978
0.75785629 0.76211189 0.76652702 0.77111053 0.77587193 0.78082142 0.78596992 0.79132913 0.79691157 0.80273058 0.8088004 0.81513609 0.82175357 0.82866951 0.83590122 0.84346643 0.851383 0.85966841 0.86833914 0.87740972 0.88689142 0.89679055 0.90710602 0.91782628 0.92892523 0.94035695 0.95204915 0.96389517 0.97574452 0.98739247 0.99856936 1.0089314 1.0180557 1.0254421 1.0305288 1.0327229 1.0314507 1.0262256 1.0167244 1.0028577 0.9848148 0.96306678 0.93832075 0.91143411 0.88330915 0.85479342 0.82660638 0.79930222 0.77326798 0.74874841 0.72588647 0.70476881 0.68546713 0.66806816 0.65268639 0.63945608 0.62850338
0.76088664 0.765256 0.76979312 0.77450771 0.77941021 0.78451185 0.78982473 0.79536185 0.80113721 0.80716581 0.81346372 0.82004813 0.82693728 0.8341505 0.84170807 0.84963107 0.85794107 0.86665977 0.8758083 0.88540635 0.89547089 0.90601441 0.91704248 0.92855057 0.94051972 0.95291102 0.96565851 0.97866046 0.99176888 1.0047777 1.0174101 1.0293073 1.0400208 1.0490122 1.0556665 1.0593225 1.059326 1.0551027 1.0462443 1.0325913 1.0142895 0.99180272 0.96587046 0.93741806 0.90744183 0.8768967 0.84661058 0.81723769 0.7892506 0.76296203 0.73856395 0.71617193 0.69586504 0.67771431 0.66179512 0.64818236 0.63693033
0.76376129 0.76823508 0.77288405 0.77771863 0.78275009 0.78799058 0.79345321 0.79915214 0.80510262 0.8113211 0.81782525 0.82463404 0.83176774 0.83924791 0.84709737 0.85533999 0.86400051 0.87310411 0.88267581 0.89273957 0.90331705 0.91442582 0.92607691 0.9382715 0.95099646 0.96421861 0.97787723 0.99187477 1.0060656 1.0202431 1.0341259 1.0473443 1.0594312 1.0698197 1.0778545 1.0828221 1.0840046 1.0807566 1.0725978 1.0593047 1.0409776 1.0180622 0.99131212 0.96169847 0.93028932 0.89812764 0.86613511 0.83505601 0.80544221 0.77767031 0.7519779 0.72850607 0.70733803 0.68852719 0.67211105 0.65811077 0.64651911
