dados_process/media_preci.asc
NCOLS 125
NROWS 83
XLLCORNER -41370.2
YLLCORNER 94214.4
CELLSIZE 250
NODATA_VALUE -9999
[rows 25 to 49 of 83, columns 55 to 109 of 125]
0.16543395 0.17411598 0.18350169 0.19355614 0.20420808 0.21534131 0.22678684 0.2383175 0.24964716 0.26043706 0.27031106 0.27888082 0.28577939 0.29069928 0.29342846 0.29387728 0.29209 0.28823829 0.28259839 0.275517 0.26737319 0.25854293 0.24937114 0.24015324 0.23112617 0.22246711 0.21429785 0.20669222 0.19968507 0.19328127 0.18746394 0.18220149 0.17745337 0.17317444 0.16931828 0.1658394 0.16269475 0.15984462 0.15725305 0.15488799 0.15272115 0.15072781 0.14888651 0.14717873 0.14558853 0.14410221 0.14270805 0.14139598 0.14015739 0.13898488 0.13787205 0.13681342 0.13580422 0.13484031 0.13391807
0.16204637 0.17052008 0.17968513 0.18950757 0.19991746 0.21080023 0.22198905 0.23325976 0.24433061 0.25486919 0.26450844 0.27287224 0.27960885 0.28442791 0.28713449 0.28765311 0.28603641 0.28245647 0.27718106 0.27054043 0.26289137 0.25458481 0.24594087 0.23723295 0.22868044 0.22044818 0.21265074 0.20535933 0.19860985 0.1924109 0.18675105 0.18160507 0.17693904 0.17271424 0.16889013 0.16542644 0.16228457 0.1594285 0.15682526 0.15444511 0.15226155 0.15025121 0.14839356 0.14667072 0.14506717 0.14356946 0.14216594 0.14084657 0.13960266 0.13842669 0.13731215 0.13625339 0.13524548 0.13428412 0.13336555
0.15776907 0.16596227 0.17482732 0.18433085 0.19440412 0.20493485 0.21575991 0.22666087 0.23736434 0.24754958 0.25686477 0.26495237 0.27148152 0.27618295 0.27888013 0.27951022 0.27813005 0.27490613 0.27009123 0.26399307 0.25694137 0.24925877 0.24123883 0.23313234 0.22514119 0.21741828 0.21007137 0.20316935 0.19674928 0.19082341 0.18538563 0.18041687 0.17588963 0.17177149 0.16802775 0.16462337 0.16152433 0.15869846 0.15611598 0.15374977 0.15157538 0.14957105 0.14771748 0.14599771 0.14439688 0.142902 0.14150175 0.14018627 0.13894698 0.13777641 0.13666803 0.13561617 0.13461584 0.13366267 0.13275283
0.15265015 0.1604957 0.16898791 0.1780938 0.18774619 0.19783594 0.20820538 0.21864452 0.22889212 0.23864369 0.24756775 0.25533032 0.26162533 0.26620679 0.2689165 0.26970184 0.26861962 0.26582557 0.26155222 0.25608026 0.24970908 0.24273102 0.23541225 0.22798083 0.2206215 0.21347563 0.20664458 0.20019508 0.19416537 0.18857127 0.1834117 0.1786735 0.17433535 0.17037092 0.16675122 0.1634464 0.16042701 0.15766484 0.15513346 0.15280851 0.15066782 0.14869146 0.14686158 0.14516237 0.14357984 0.14210166 0.14071702 0.13941641 0.13819154 0.13703509 0.13594067 0.13490267 0.13391616 0.13297677 0.13208068
0.14675365 0.15419168 0.1622471 0.17088751 0.18004783 0.18962325 0.19946332 0.20936904 0.21909453 0.22835528 0.23684396 0.2442534 0.25030455 0.25477524 0.25752442 0.25850688 0.25777561 0.25547142 0.25180284 0.24702067 0.24139211 0.2351784 0.22861819 0.22191714 0.21524333 0.20872702 0.20246346 0.19651733 0.19092795 0.18571443 0.18088047 0.17641846 0.17231294 0.1685434 0.16508635 0.16191702 0.15901047 0.15634245 0.15388994 0.15163148 0.1495473 0.14761946 0.14583174 0.14416965 0.14262023 0.14117201 0.13981483 0.1385397 0.1373387 0.13620484 0.13513196 0.13411462 0.13314801 0.13222788 0.13135046
0.14015838 0.14713816 0.15470371 0.16282369 0.17143594 0.18044116 0.18969786 0.19902018 0.20818014 0.21691586 0.2249465 0.23199336 0.23780496 0.24218227 0.24499939 0.24621575 0.24587732 0.24410713 0.24108744 0.2370378 0.2321927 0.22678241 0.22101854 0.21508503 0.20913387 0.20328464 0.19762665 0.1922225 0.18711239 0.18231842 0.17784864 0.17370059 0.16986431 0.16632474 0.16306365 0.16006113 0.15729665 0.15474986 0.15240115 0.15023198 0.1482251 0.14636463 0.14463613 0.14302653 0.14152408 0.14011827 0.13879972 0.13756009 0.13639196 0.13528877 0.13424467 0.1332545 0.13231365 0.13141804 0.13056405
0.13295622 0.13943755 0.14647247 0.15403135 0.16205585 0.17045337 0.17909285 0.18780325 0.1963762 0.20457391 0.21214299 0.21883342 0.2244205 0.22872662 0.23163873 0.23311832 0.23320207 0.23199349 0.22964777 0.22635311 0.22231187 0.21772423 0.21277581 0.20762968 0.20242242 0.19726332 0.19223584 0.1874004 0.18279776 0.17845259 0.17437682 0.1705727 0.16703527 0.16375458 0.16071731 0.15790817 0.15531085 0.15290878 0.15068571 0.148626 0.14671493 0.14493878 0.14328492 0.14174182 0.14029903 0.13894709 0.13767752 0.13648272 0.13535587 0.13429091 0.13328241 0.13232554 0.13141599 0.1305499 0.12972383
0.12524974 0.13120394 0.13768063 0.14465262 0.15206632 0.1598369 0.1678448 0.1759349 0.18391922 0.19158447 0.19870442 0.20505666 0.2104415 0.21470046 0.21773092 0.2194943 0.22001655 0.21938113 0.21771646 0.2151804 0.21194459 0.20818064 0.20404953 0.19969457 0.19523765 0.19077813 0.1863937 0.18214234 0.17806503 0.17418851 0.17052811 0.16709019 0.16387437 0.16087532 0.15808428 0.15549027 0.15308095 0.15084339 0.14876457 0.1468317 0.14503256 0.14335559 0.14179002 0.14032591 0.13895414 0.13766642 0.13645522 0.13531375 0.13423588 0.13321612 0.13224951 0.13133164 0.13045852 0.1296266 0.12883267
0.11714933 0.12255966 0.12846387 0.13483802 0.14163403 0.14877564 0.15615552 0.16363481 0.17104595 0.17819949 0.18489508 0.19093593 0.19614492 0.20038014 0.20354708 0.20560555 0.20657013 0.20650462 0.2055119 0.20372134 0.20127586 0.19832047 0.19499317 0.19141874 0.18770516 0.18394223 0.18020184 0.17653936 0.1729955 0.16959861 0.16636679 0.16330999 0.16043184 0.15773119 0.15520342 0.15284148 0.15063678 0.14857978 0.14666052 0.14486899 0.14319538 0.14163027 0.14016475 0.13879046 0.13749968 0.1362853 0.1351408 0.13406025 0.13303826 0.13206997 0.13115096 0.13027725 0.12944527 0.12865177 0.12789385
0.10876998 0.11363148 0.11896194 0.12474129 0.13092766 0.13745379 0.14422478 0.15111783 0.15798499 0.16465923 0.170964 0.17672555 0.18178654 0.18601899 0.18933457 0.1916904 0.19308979 0.19357798 0.19323426 0.19216186 0.19047746 0.18830172 0.1857515 0.18293439 0.17994529 0.1768648 0.17375909 0.17068058 0.16766935 0.16475474 0.16195709 0.15928935 0.15675859 0.15436733 0.15211464 0.14999707 0.14800941 0.14614529 0.14439764 0.14275905 0.14122203 0.13977923 0.13842354 0.13714821 0.13594689 0.13481366 0.13374305 0.13273003 0.13176997 0.13085868 0.1299923 0.12916737 0.12838071 0.12762947 0.12691104
0.10022766 0.10454655 0.10931395 0.11451426 0.12011215 0.12604952 0.13224359 0.13858685 0.14494955 0.15118506 0.15713804 0.16265486 0.16759506 0.1718422 0.17531244 0.17795972 0.17977666 0.18079162 0.18106265 0.18066955 0.17970551 0.17826923 0.1764584 0.17436484 0.17207123 0.16964943 0.16715985 0.1646518 0.16216425 0.15972704 0.15736213 0.15508488 0.15290526 0.15082893 0.14885819 0.14699279 0.14523058 0.14356806 0.14200083 0.14052389 0.13913197 0.13781967 0.13658163 0.13541265 0.13430772 0.13326213 0.13227143 0.13133151 0.13043853 0.12958896 0.12877958 0.1280074 0.12726973 0.12656408 0.1258882
0.091635845 0.095428387 0.099653989 0.10430187 0.10934337 0.1147293 0.12038829 0.12622687 0.13213166 0.13797396 0.1436168 0.14892371 0.15376832 0.1580435 0.1616687 0.16459452 0.16680393 0.16831038 0.16915326 0.16939186 0.16909866 0.16835292 0.16723516 0.16582287 0.16418748 0.16239251 0.16049275 0.15853416 0.15655423 0.15458279 0.15264285 0.15075163 0.14892141 0.14716049 0.14547394 0.14386429 0.14233209 0.14087642 0.1394953 0.13818597 0.13694517 0.13576935 0.13465481 0.13359781 0.13259468 0.13164184 0.13073587 0.12987356 0.12905186 0.12826794 0.12751917 0.1268031 0.1261175 0.1254603 0.12482959
0.083102198 0.08639321 0.090107034 0.094237846 0.098763504 0.10364316 0.10881582 0.11420046 0.11969787 0.12519471 0.13056948 0.13569993 0.14047122 0.14478369 0.14855916 0.15174509 0.15431608 0.15627274 0.15763853 0.1584551 0.15877704 0.15866665 0.15818927 0.15740955 0.15638859 0.15518214 0.15383949 0.15240308 0.15090863 0.14938547 0.14785718 0.14634223 0.14485474 0.14340512 0.14200074 0.1406465 0.13934529 0.13809847 0.13690621 0.13576775 0.1346817 0.1336462 0.13265909 0.13171802 0.13082055 0.12996422 0.12914662 0.12836537 0.12761822 0.12690302 0.12621773 0.12556047 0.12492945 0.12432302 0.12373964
0.074725659 0.07754681 0.080785641 0.084441231 0.088497552 0.092921276 0.097660498 0.10264478 0.10778684 0.11298603 0.11813348 0.12311849 0.1278355 0.13219074 0.1361078 0.13953143 0.1424292 0.14479107 0.14662716 0.1479643 0.14884189 0.14930765 0.14941372 0.14921337 0.14875838 0.14809724 0.14727395 0.14632743 0.1452913 0.14419403 0.14305927 0.14190628 0.14075049 0.13960394 0.13847588 0.13737314 0.13630062 0.13526163 0.13425822 0.1332914 0.13236146 0.13146808 0.13061049 0.12978763 0.12899823 0.12824087 0.12751405 0.12681627 0.126146 0.12550176 0.12488211 0.12428568 0.12371116 0.1231573 0.12262295
0.066594209 0.068982156 0.07178748 0.075013924 0.078650979 0.082671831 0.087032184 0.091670294 0.096508487 0.10145625 0.10641474 0.11128238 0.11596091 0.12036122 0.12440829 0.12804471 0.13123242 0.13395275 0.13620499 0.13800377 0.13937583 0.14035659 0.14098687 0.14130998 0.1413694 0.14120697 0.14086168 0.14036889 0.13975997 0.1390622 0.1382989 0.1374897 0.13665083 0.13579558 0.13493459 0.13407629 0.1332272 0.13239228 0.13157518 0.13077847 0.1300039 0.1292525 0.12852479 0.12782087 0.12714052 0.1264833 0.12584858 0.12523564 0.12464366 0.12407181 0.12351921 0.12298499 0.1224683 0.1219683 0.1214842
0.058783326 0.060777871 0.063193876 0.066039372 0.06930864 0.072980259 0.077016004 0.081360913 0.085944705 0.090684609 0.095489453 0.10026465 0.1049176 0.10936285 0.11352656 0.11734973 0.12079 0.12382202 0.12643648 0.12863823 0.13044369 0.1318781 0.13297271 0.13376228 0.13428297 0.13457062 0.13465953 0.13458161 0.13436586 0.13403813 0.13362109 0.13313432 0.13259452 0.13201574 0.13140968 0.13078598 0.13015245 0.1295154 0.12887982 0.12824959 0.12762771 0.12701641 0.12641733 0.1258316 0.12525996 0.12470285 0.12416045 0.12363275 0.12311961 0.12262078 0.12213592 0.12166465 0.12120655 0.12076118 0.12032809
0.051355242 0.052997583 0.055069333 0.057582343 0.060534883 0.063909756 0.067673292 0.071775469 0.076151328 0.080723681 0.085406925 0.090111636 0.094749464 0.099237835 0.10350397 0.10748788 0.11114414 0.11444239 0.11736679 0.11991454 0.12209389 0.1239218 0.12542161 0.12662085 0.12754935 0.12823762 0.12871566 0.12901208 0.12915348 0.12916413 0.12906577 0.12887764 0.12861653 0.12829693 0.12793123 0.12752993 0.12710186 0.12665435 0.12619348 0.12572423 0.12525064 0.12477595 0.12430278 0.12383315 0.12336866 0.12291052 0.12245964 0.12201667 0.12158208 0.12115615 0.12073905 0.12033086 0.11993156 0.11954109 0.11915933
0.04435895 0.045690129 0.047461986 0.049689689 0.05237468 0.055502846 0.059043613 0.062950189 0.067161054 0.071602665 0.076193152 0.080846673 0.085477969 0.09000669 0.094361069 0.098480673 0.10231808 0.10583944 0.10902416 0.11186372 0.11436006 0.11652361 0.11837133 0.11992477 0.12120837 0.122248 0.1230698 0.12369927 0.12416067 0.1244766 0.12466769 0.12475259 0.12474789 0.12466821 0.12452634 0.12433333 0.12409871 0.12383061 0.12353595 0.12322055 0.12288931 0.12254634 0.12219503 0.1218382 0.12147818 0.12111685 0.12075575 0.12039615 0.12003902 0.11968517 0.11933522 0.11898966 0.11864885 0.11831306 0.1179825
0.03783091 0.038890508 0.040404855 0.042391943 0.044855609 0.047783754 0.051147561 0.054901902 0.058987 0.06333124 0.067854882 0.072474298 0.077106324 0.081672291 0.086101411 0.090333284 0.094319418 0.098023794 0.10142259 0.10450323 0.107263 0.1097074 0.11184837 0.11370264 0.1152902 0.11663294 0.11775359 0.11867485 0.11941872 0.1200061 0.12045642 0.12078753 0.1210156 0.12115514 0.12121903 0.12121866 0.12116398 0.12106367 0.12092524 0.12075519 0.12055907 0.12034167 0.12010704 0.11985863 0.11959939 0.11933178 0.1190579 0.11877951 0.11849808 0.11821483 0.11793082 0.11764689 0.11736375 0.117082 0.11680213
0.031796344 0.032621452 0.033917719 0.035705531 0.037990428 0.040761363 0.043990063 0.047631662 0.051626605 0.055903678 0.060383846 0.064984501 0.069623695 0.074223966 0.078715468 0.083038229 0.087143482 0.090994129 0.094564459 0.097839292 0.10081273 0.1034867 0.10586939 0.10797379 0.1098163 0.11141553 0.11279125 0.11396367 0.11495271 0.11577758 0.11645646 0.11700628 0.11744263 0.11777967 0.1180302 0.11820565 0.1183162 0.11837086 0.11837754 0.11834319 0.11827387 0.11817485 0.11805071 0.11790542 0.11774241 0.11756463 0.11737463 0.11717461 0.11696644 0.11675175 0.11653191 0.11630813 0.1160814 0.11585262 0.11562252
0.026270993 0.02689547 0.02800947 0.029635445 0.031780064 0.034432503 0.037563964 0.041128582 0.045065654 0.049302984 0.053760958 0.058356901 0.06300929 0.067641426 0.072184349 0.076578833 0.080776501 0.084740118 0.088443227 0.091869287 0.095010497 0.097866444 0.10044271 0.10274952 0.10480051 0.10661163 0.10820023 0.10958431 0.11078191 0.11181067 0.11268749 0.11342832 0.11404802 0.11456027 0.11497756 0.11531122 0.11557145 0.11576737 0.11590712 0.11599792 0.11604617 0.11605748 0.11603683 0.11598857 0.11591649 0.11582395 0.11571385 0.11558874 0.11545085 0.11530212 0.11514422 0.11497864 0.11480666 0.1146294 0.11444782
0.021263214 0.021717222 0.022680767 0.024178175 0.026216819 0.028785411 0.031853698 0.035373679 0.039282244 0.04350493 0.047960338 0.052564712 0.057236198 0.061898438 0.066483268 0.070932474 0.075198626 0.079245162 0.083045866 0.086583931 0.089850778 0.092844755 0.095569841 0.098034404 0.10025008 0.1022308 0.10399194 0.10554964 0.1069203 0.10812008 0.10916466 0.11006896 0.11084703 0.11151195 0.11207577 0.11254954 0.11294331 0.11326616 0.11352628 0.11373101 0.11388692 0.11399986 0.11407503 0.11411704 0.11412999 0.1141175 0.11408276 0.1140286 0.11395751 0.11387168 0.11377306 0.11366335 0.11354407 0.11341654 0.11328193
0.016776313 0.017086118 0.017926889 0.019324801 0.021287674 0.023803225 0.026838937 0.030343633 0.034250602 0.038481871 0.042953088 0.047578412 0.052274926 0.056966178 0.061584708 0.066073522 0.070386635 0.074488875 0.078355141 0.081969332 0.085323091 0.08841451 0.091246879 0.093827528 0.096166803 0.098277182 0.10017253 0.10186751 0.10337704 0.10471601 0.10589889 0.10693961 0.10785134 0.10864647 0.10933652 0.1099321 0.11044298 0.11087805 0.11124541 0.11155238 0.11180555 0.11201088 0.11217369 0.11229875 0.11239032 0.11245222 0.11248785 0.11250022 0.11249203 0.11246568 0.1124233 0.1123668 0.11229785 0.11221796 0.11212847
0.012811011 0.012999035 0.013740684 0.015064149 0.016977622 0.019467451 0.022498158 0.026014411 0.02994472 0.03420635 0.038710799 0.04336913 0.048096608 0.052816261 0.057461229 0.061975941 0.066316325 0.070449265 0.074351586 0.078008774 0.081413604 0.084564798 0.087465783 0.090123595 0.092547931 0.094750356 0.096743656 0.098541301 0.10015704 0.10160456 0.10289727 0.10404807 0.10506928 0.10597252 0.10676865 0.10746779 0.10807928 0.10861172 0.10907297 0.1094702 0.10980993 0.11009808 0.11033999 0.11054049 0.11070392 0.11083419 0.11093482 0.11100897 0.11105946 0.11108883 0.11109936 0.11109309 0.11107184 0.11103726 0.11099081
0.0093679777 0.009453099 0.010115569 0.01138597 0.013272991 0.015761392 0.018812134 0.022364773 0.026341827 0.030654484 0.035208823 0.039911741 0.044675916 0.049423429 0.054087941 0.058615543 0.062964555 0.067104587 0.071015173 0.074684227 0.078106497 0.081282145 0.084215483 0.086913921 0.089387082 0.091646105 0.093703076 0.095570591 0.097261415 0.09878822 0.10016339 0.10139888 0.1025061 0.10349587 0.10437836 0.10516307 0.10585883 0.10647382 0.10701557 0.10749099 0.10790642 0.10826764 0.1085799 0.10884799 0.10907625 0.10926861 0.10942863 0.10955953 0.10966421 0.1097453 0.10980515 0.10984592 0.10986952 0.10987769 0.10987199
