dados_process/media_temp.asc
NCOLS 139
NROWS 92
XLLCORNER -40151.9
YLLCORNER 91363.3
CELLSIZE 250
NODATA_VALUE -9999
[rows 26 to 51 of 92, columns 60 to 119 of 139]
26.67416 26.972367 27.217625 27.399674 27.511239 27.548814 27.512979 27.408166 27.241983 27.024237 26.76587 26.477982 26.171052 25.854411 25.535956 25.222056 24.917606 24.626165 24.350141 24.090992 23.849412 23.625512 23.418959 23.229113 23.055117 22.895987 22.750667 22.618081 22.497163 22.386883 22.286265 22.194393 22.110421 22.033568 21.963128 21.898455 21.838969 21.78415 21.733528 21.686686 21.64325 21.602888 21.565301 21.530225 21.497426 21.466692 21.437837 21.410694 21.385114 21.360963 21.338122 21.316485 21.295954 21.276445 21.257878 21.240185 21.223301 21.20717 21.19174 21.176962
26.249898 26.528085 26.758186 26.931081 27.040355 27.082949 27.059392 26.97358 26.832163 26.6437 26.417746 26.164014 25.891712 25.60909 25.323188 25.039748 24.763255 24.497038 24.24343 24.003926 23.779344 23.569972 23.375694 23.196098 23.030563 22.878332 22.738565 22.610384 22.492902 22.38525 22.28659 22.196129 22.113123 22.036882 21.966771 21.902207 21.842663 21.787656 21.736755 21.689568 21.645742 21.604964 21.566948 21.531442 21.498217 21.46707 21.437817 21.410295 21.384357 21.35987 21.336716 21.314787 21.293988 21.274232 21.25544 21.237541 21.220471 21.204171 21.188588 21.173675
25.794653 26.052975 26.268395 26.432874 26.540755 26.58931 26.578912 26.512833 26.396723 26.237888 26.044526 25.825016 25.587361 25.338792 25.085549 24.832789 24.584609 24.344124 24.113585 23.894515 23.687836 23.493992 23.313057 23.144825 22.988886 22.844691 22.711597 22.58891 22.475912 22.371885 22.276126 22.18796 22.106744 22.031877 21.962799 21.898993 21.839981 21.785331 21.734644 21.687562 21.643758 21.602936 21.56483 21.529201 21.49583 21.464522 21.435102 21.40741 21.381304 21.356654 21.333344 21.311268 21.290332 21.270449 21.25154 21.233535 21.21637 21.199986 21.184329 21.169351
25.31949 25.558659 25.760246 25.917189 26.024488 26.079641 26.082793 26.036556 25.945584 25.815972 25.654629 25.468684 25.265012 25.049898 24.828834 24.606432 24.386423 24.171711 23.964463 23.766215 23.577972 23.40031 23.233467 23.077419 22.931944 22.796678 22.671159 22.554862 22.447224 22.347669 22.255621 22.170517 22.091816 22.019001 21.951588 21.889124 21.831187 21.77739 21.727377 21.680819 21.637419 21.596905 21.55903 21.523569 21.490318 21.459094 21.429728 21.402068 21.375979 21.351335 21.328023 21.30594 21.284995 21.265102 21.246185 21.228173 21.211004 21.194618 21.178964 21.163991
24.834852 25.055975 25.244791 25.395108 25.502471 25.564527 25.581149 25.554296 25.487668 25.386231 25.255698 25.102045 24.931111 24.748308 24.558437 24.3656 24.17318 23.983874 23.799756 23.622357 23.452745 23.291604 23.13931 22.995996 22.861603 22.735935 22.618688 22.509491 22.407923 22.313539 22.225883 22.144496 22.068933 21.998762 21.93357 21.872969 21.816592 21.7641 21.715176 21.669528 21.626887 21.587007 21.549661 21.514643 21.481765 21.450853 21.421753 21.394319 21.368423 21.343947 21.320781 21.298828 21.277999 21.258211 21.23939 21.221468 21.204383 21.188078 21.1725 21.157603
24.350265 24.55469 24.73189 24.876425 24.984292 25.053227 25.082818 25.074404 25.03081 24.955971 24.854519 24.731385 24.591469 24.439386 24.279302 24.11484 23.949051 23.784428 23.622944 23.466105 23.31502 23.170457 23.032906 22.902629 22.779712 22.664098 22.555629 22.454068 22.359124 22.27047 22.187759 22.110634 22.038735 21.971712 21.909223 21.850939 21.796551 21.745764 21.698303 21.653912 21.612353 21.573406 21.536866 21.502546 21.470274 21.439892 21.411254 21.384229 21.358695 21.33454 21.311662 21.289969 21.269376 21.249803 21.23118 21.213442 21.196527 21.180382 21.164955 21.1502
23.874122 24.063308 24.230037 24.369514 24.478103 24.553592 24.595294 24.603986 24.581711 24.531489 24.456992 24.362222 24.251235 24.127928 23.995884 23.858282 23.717859 23.576899 23.437264 23.300422 23.1675 23.039325 22.916475 22.79932 22.688064 22.582773 22.483412 22.389862 22.301949 22.219451 22.142121 22.069693 22.00189 21.938436 21.879055 21.823479 21.771448 21.722717 21.67705 21.634227 21.594039 21.556293 21.52081 21.48742 21.45597 21.426317 21.398328 21.371882 21.346866 21.323178 21.300723 21.279413 21.259169 21.239917 21.221589 21.204123 21.187462 21.171554 21.156348 21.141802
23.413545 23.588956 23.746283 23.88127 23.990586 24.072048 24.124723 24.148897 24.145934 24.118061 24.068113 23.999278 23.914867 23.818133 23.712128 23.599623 23.483049 23.364491 23.245686 23.128049 23.012702 22.90051 22.792116 22.687974 22.588382 22.493511 22.403428 22.318119 22.237508 22.161469 22.089844 22.022448 21.959082 21.899535 21.843596 21.791052 21.741694 21.695319 21.651732 21.610746 21.572185 21.535881 21.501679 21.46943 21.438998 21.410256 21.383084 21.357374 21.333023 21.309937 21.288029 21.267218 21.247431 21.228599 21.210658 21.193551 21.177222 21.161623 21.146707 21.132432
22.974321 23.137354 23.286223 23.417125 23.526981 23.613634 23.675943 23.713779 23.727936 23.719966 23.69199 23.646492 23.586133 23.513595 23.431454 23.342099 23.247678 23.150073 23.050892 22.951479 22.852937 22.756145 22.661786 22.570379 22.482296 22.39779 22.317014 22.240043 22.166884 22.097495 22.031794 21.969673 21.910997 21.855621 21.803389 21.75414 21.707712 21.663945 21.622679 21.583763 21.54705 21.512398 21.479674 21.448753 21.419514 21.391847 21.365646 21.340815 21.317262 21.294902 21.273657 21.253454 21.234224 21.215904 21.198437 21.181768 21.165846 21.150626 21.136063 21.122119
22.560907 22.71284 22.854048 22.98111 23.091166 23.182083 23.252559 23.302131 23.331123 23.34053 23.331873 23.307038 23.268124 23.217313 23.156754 23.08849 23.0144 22.936166 22.855262 22.772951 22.690296 22.608172 22.527286 22.448196 22.371329 22.297003 22.22544 22.156785 22.091118 22.028467 21.968819 21.912126 21.858317 21.807302 21.758977 21.713227 21.669935 21.628978 21.590234 21.553582 21.518904 21.486083 21.45501 21.425578 21.397687 21.37124 21.346148 21.322324 21.29969 21.27817 21.257693 21.238195 21.219615 21.201894 21.18498 21.168824 21.153379 21.138602 21.124454 21.110896
22.176492 22.318452 22.452645 22.575972 22.685764 22.77993 22.857047 22.916397 22.957931 22.982192 22.990207 22.983362 22.96328 22.931704 22.890409 22.841121 22.785468 22.724939 22.660871 22.594435 22.52664 22.458341 22.390248 22.322941 22.256885 22.192443 22.129892 22.069431 22.011201 21.955286 21.901732 21.850545 21.801707 21.755177 21.710897 21.668797 21.628795 21.590808 21.554744 21.520514 21.488025 21.457186 21.427908 21.400106 21.373695 21.348595 21.324731 21.302029 21.280421 21.259842 21.240229 21.221527 21.203679 21.186636 21.170349 21.154774 21.13987 21.125597 21.111919 21.098802
21.823095 21.95605 22.083727 22.203306 22.312293 22.408648 22.490881 22.558084 22.609922 22.646584 22.668699 22.67724 22.673428 22.658635 22.634303 22.601874 22.562743 22.518216 22.469489 22.417634 22.363597 22.308196 22.252129 22.195982 22.14024 22.085296 22.031466 21.978992 21.92806 21.878801 21.831309 21.785636 21.741808 21.699828 21.659677 21.621323 21.584722 21.54982 21.516557 21.484871 21.454694 21.425959 21.398596 21.37254 21.347722 21.324078 21.301546 21.280065 21.259577 21.240028 21.221364 21.203536 21.186496 21.170202 21.154609 21.139679 21.125375 21.111661 21.098506 21.085877
21.501709 21.626464 21.747992 21.863717 21.971308 22.068798 22.154664 22.227875 22.287889 22.334621 22.368388 22.38983 22.399835 22.399459 22.389855 22.372214 22.347713 22.317485 22.282588 22.24399 22.202564 22.15908 22.114211 22.068533 22.022538 21.976636 21.931164 21.886398 21.842556 21.799807 21.75828 21.718067 21.679232 21.641812 21.605824 21.57127 21.538134 21.506395 21.476018 21.446966 21.419194 21.392657 21.367305 21.343088 21.319955 21.297858 21.276745 21.256569 21.237283 21.218841 21.201199 21.184316 21.168152 21.152669 21.13783 21.123601 21.10995 21.096846 21.08426 21.072165
21.212443 21.329652 21.445284 21.556981 21.66257 21.76017 21.848268 21.925761 21.991965 22.046597 22.089733 22.12175 22.143265 22.155067 22.158061 22.153215 22.14151 22.123915 22.101354 22.074689 22.044712 22.012137 21.977599 21.941657 21.904792 21.867419 21.829889 21.792495 21.755478 21.719035 21.683324 21.648466 21.614555 21.581659 21.549824 21.519079 21.489438 21.460902 21.433463 21.407104 21.381803 21.357533 21.334263 21.311959 21.290585 21.270106 21.250484 21.231683 21.213666 21.196398 21.179842 21.163965 21.148734 21.134117 21.120085 21.106607 21.093657 21.081208 21.069234 21.057712
20.954688 21.064866 21.174758 21.282204 21.38519 21.481935 21.570967 21.651156 21.721735 21.782282 21.832695 21.873147 21.904036 21.925933 21.93953 21.945598 21.944943 21.938381 21.926705 21.910673 21.890993 21.868316 21.84323 21.816263 21.78788 21.758489 21.728442 21.69804 21.66754 21.637156 21.607065 21.577413 21.548317 21.519868 21.492136 21.465175 21.439021 21.413698 21.389217 21.365584 21.342793 21.320836 21.299698 21.279359 21.259799 21.240995 21.222921 21.205551 21.188859 21.172817 21.1574 21.14258 21.128332 21.11463 21.101449 21.088767 21.076559 21.064804 21.053481 21.042568
20.727265 20.830802 20.93503 21.037976 21.137779 21.232778 21.321563 21.403021 21.476341 21.541017 21.59682 21.643769 21.68209 21.712173 21.734533 21.749768 21.758528 21.761486 21.759314 21.752665 21.742161 21.728386 21.711875 21.693118 21.672554 21.650575 21.627525 21.603707 21.579381 21.554773 21.530073 21.505442 21.481015 21.456901 21.433191 21.409956 21.387252 21.365121 21.343594 21.322693 21.302429 21.282808 21.263831 21.245493 21.227785 21.210695 21.19421 21.178314 21.16299 21.148219 21.133983 21.120262 21.107038 21.09429 21.082001 21.07015 21.058721 21.047695 21.037055 21.026784
20.528568 20.625745 20.724321 20.822498 20.918575 21.011016 21.098502 21.179959 21.254576 21.321799 21.381317 21.433036 21.477049 21.513599 21.543051 21.565855 21.582522 21.593595 21.599629 21.601179 21.59878 21.592945 21.584153 21.57285 21.559441 21.544296 21.527744 21.51008 21.491565 21.472425 21.452858 21.433036 21.413104 21.393186 21.373387 21.353793 21.334476 21.315494 21.296892 21.278706 21.260963 21.243683 21.226879 21.210558 21.194723 21.179374 21.164507 21.150115 21.136191 21.122723 21.109701 21.097112 21.084944 21.073184 21.061817 21.05083 21.040209 21.029941 21.020012 21.010409
20.356684 20.447686 20.540567 20.633701 20.725548 20.814708 20.899967 20.980316 21.054971 21.123364 21.185134 21.240108 21.288277 21.329768 21.36482 21.393755 21.416961 21.434861 21.447905 21.456549 21.461246 21.462438 21.460543 21.455959 21.449054 21.440169 21.429612 21.417666 21.404583 21.390587 21.375877 21.36063 21.344997 21.329113 21.313092 21.297032 21.281017 21.265116 21.249389 21.233883 21.218638 21.203685 21.189048 21.174746 21.160792 21.147195 21.133961 21.121092 21.108588 21.096446 21.084662 21.07323 21.062144 21.051395 21.040976 21.030878 21.02109 21.011604 21.002411 20.993499
20.209497 20.294422 20.38152 20.469336 20.556493 20.641735 20.723963 20.802255 20.87587 20.944253 21.00702 21.063943 21.114938 21.160038 21.199377 21.23317 21.26169 21.285258 21.304222 21.318948 21.329808 21.33717 21.341396 21.34283 21.3418 21.338614 21.333557 21.326891 21.318857 21.309671 21.29953 21.288609 21.277065 21.265035 21.252641 21.239989 21.227172 21.214269 21.201349 21.188471 21.175683 21.163026 21.150536 21.13824 21.126161 21.114316 21.102719 21.091381 21.080308 21.069504 21.058973 21.048715 21.038728 21.02901 21.019557 21.010366 21.001431 20.992747 20.984307 20.976105
20.084765 20.163631 20.24482 20.327048 20.4091 20.48987 20.568385 20.643818 20.715491 20.782875 20.845581 20.903351 20.956041 21.00361 21.046104 21.083644 21.116405 21.144612 21.168522 21.188414 21.204583 21.217328 21.22695 21.233742 21.23799 21.239965 21.239925 21.238109 21.234743 21.230032 21.224165 21.217314 21.209635 21.201267 21.192335 21.182951 21.173214 21.163209 21.153015 21.142696 21.13231 21.121908 21.111531 21.101217 21.090994 21.080889 21.070922 21.061112 21.051471 21.042011 21.03274 21.023664 21.014786 21.006111 20.997638 20.989367 20.981299 20.97343 20.965759 20.958282
19.980175 20.05293 20.128051 20.204424 20.281002 20.35683 20.431065 20.502982 20.571974 20.637552 20.699333 20.75704 20.810487 20.85957 20.904264 20.944603 20.98068 21.012631 21.040627 21.064871 21.085582 21.102994 21.117347 21.128886 21.13785 21.144476 21.14899 21.151609 21.152538 21.151969 21.150082 21.14704 21.142996 21.13809 21.132446 21.126179 21.119391 21.112174 21.10461 21.096771 21.088722 21.080518 21.07221 21.06384 21.055445 21.047058 21.038705 21.030412 21.022196 21.014076 21.006063 20.998171 20.990407 20.98278 20.975293 20.967952 20.960759 20.953716 20.946823 20.940081
19.893373 19.9599 20.028767 20.099032 20.169813 20.24031 20.30981 20.377693 20.443426 20.506563 20.566738 20.62366 20.677108 20.726931 20.773036 20.815387 20.853998 20.888927 20.920269 20.948151 20.972725 20.994162 21.012646 21.02837 21.041532 21.052331 21.060963 21.067619 21.072483 21.075732 21.077532 21.078039 21.0774 21.07575 21.073213 21.069904 21.065928 21.061377 21.05634 21.050891 21.045101 21.039031 21.032736 21.026265 21.01966 21.01296 21.006197 20.9994 20.992595 20.985803 20.979042 20.972329 20.965677 20.959097 20.952598 20.946189 20.939876 20.933664 20.927556 20.921556
19.821976 19.882101 19.944511 20.008433 20.07315 20.138011 20.202434 20.2659 20.327949 20.388179 20.44624 20.501831 20.554704 20.604661 20.651553 20.695279 20.735783 20.773052 20.807111 20.838019 20.865865 20.89076 20.912837 20.93224 20.949125 20.963656 20.975997 20.986314 20.994769 21.001523 21.006726 21.010526 21.013061 21.014461 21.014848 21.014334 21.013024 21.011013 21.00839 21.005234 21.001619 20.997609 20.993264 20.988638 20.983777 20.978725 20.973518 20.968192 20.962775 20.957294 20.95177 20.946226 20.940677 20.935139 20.929626 20.924147 20.918714 20.913333 20.908013 20.902758
19.763555 19.81707 19.872817 19.930191 19.988636 20.047649 20.106769 20.165572 20.223666 20.280686 20.336294 20.390179 20.442067 20.491715 20.538923 20.583531 20.62542 20.664512 20.700769 20.734188 20.764799 20.792662 20.817857 20.840486 20.860666 20.878525 20.894197 20.907824 20.919546 20.929504 20.937837 20.94468 20.950163 20.954408 20.957533 20.959649 20.960857 20.961254 20.960928 20.959962 20.958429 20.956399 20.953935 20.951092 20.947922 20.944473 20.940784 20.936895 20.932838 20.928643 20.924338 20.919946 20.915487 20.910982 20.906445 20.901891 20.897333 20.892782 20.888248 20.883738
19.715616 19.7623 19.811197 19.861867 19.913913 19.966967 20.020684 20.074722 20.128744 20.182412 20.235393 20.287362 20.338013 20.387063 20.434262 20.479395 20.522284 20.562796 20.600833 20.63634 20.669292 20.699701 20.727603 20.753059 20.77615 20.79697 20.815628 20.832238 20.846922 20.859803 20.871004 20.880649 20.888858 20.895747 20.901428 20.906006 20.909583 20.912253 20.914104 20.915219 20.915673 20.915538 20.914878 20.913752 20.912215 20.910316 20.908101 20.905609 20.902879 20.899943 20.89683 20.89357 20.890184 20.886695 20.883123 20.879484 20.875794 20.872066 20.868313 20.864544
19.67557 19.715225 19.757133 19.801017 19.846634 19.893743 19.942096 19.991419 20.041413 20.091751 20.142094 20.192093 20.241409 20.289715 20.336713 20.382137 20.425759 20.467392 20.506888 20.544142 20.579087 20.611688 20.641943 20.669878 20.695538 20.718992 20.74032 20.759615 20.776977 20.792514 20.806336 20.818552 20.829274 20.838611 20.846666 20.853543 20.859339 20.864146 20.86805 20.871135 20.873477 20.875147 20.876211 20.876731 20.876763 20.87636 20.875567 20.87443 20.872988 20.871276 20.869328 20.867173 20.864838 20.862348 20.859724 20.856987 20.854153 20.851239 20.848259 20.845225
