dados_process/media_hum.asc
NCOLS 139
NROWS 92
XLLCORNER -40151.9
YLLCORNER 91363.3
CELLSIZE 250
NODATA_VALUE -9999
[rows 52 to 77 of 92, columns 60 to 119 of 139]
61.315447 61.762239 62.18515 62.574267 62.923152 63.228553 63.489862 63.7085 63.887293 64.029946 64.140609 64.223555 64.282956 64.322733 64.34647 64.357368 64.358238 64.351504 64.339228 64.323142 64.304674 64.284988 64.265019 64.245497 64.226984 64.209898 64.194536 64.181095 64.169692 64.160378 64.153152 64.147974 64.144771 64.14345 64.1439 64.146001 64.149626 64.154645 64.160931 64.168356 64.176799 64.186141 64.196273 64.207089 64.218493 64.230393 64.242708 64.25536 64.26828 64.281405 64.294678 64.308048 64.321469 64.334901 64.348306 64.361654 64.374916 64.388068 64.40109 64.413963
61.669101 62.156883 62.613364 63.027806 63.393776 63.708641 63.972788 64.18879 64.360636 64.493089 64.591214 64.660033 64.704309 64.728416 64.73627 64.731317 64.716535 64.694464 64.667244 64.636651 64.604143 64.5709 64.537859 64.505753 64.475138 64.446426 64.419906 64.395766 64.374113 64.354988 64.338381 64.324239 64.312479 64.302997 64.295668 64.290363 64.28694 64.285259 64.285178 64.286558 64.289264 64.293166 64.29814 64.30407 64.310846 64.318365 64.326533 64.335262 64.344471 64.354086 64.364039 64.37427 64.384723 64.395348 64.4061 64.416938 64.427826 64.438734 64.449631 64.460494
62.138628 62.663125 63.146736 63.578328 63.952033 64.266423 64.523402 64.727113 64.882995 64.997054 65.075355 65.123686 65.147369 65.151167 65.139254 65.115231 65.082164 65.042626 64.998759 64.95232 64.904737 64.857152 64.810463 64.765364 64.722375 64.681874 64.644118 64.609268 64.577405 64.548548 64.522662 64.499678 64.479495 64.461988 64.447022 64.434446 64.424109 64.415853 64.409523 64.404967 64.402037 64.400589 64.400488 64.401604 64.403816 64.40701 64.411079 64.415924 64.421455 64.427586 64.434241 64.441349 64.448845 64.45667 64.464771 64.473099 64.481611 64.490267 64.499032 64.507875
62.750225 63.304113 63.804988 64.242041 64.610785 64.911756 65.148995 65.328659 65.457907 65.544116 65.594372 65.615178 65.612326 65.590854 65.555075 65.508632 65.454565 65.395385 65.33315 65.269522 65.205832 65.143129 65.082227 65.02374 64.96812 64.91568 64.866625 64.821068 64.779048 64.740547 64.705502 64.673811 64.645349 64.619972 64.59752 64.577827 64.560721 64.546031 64.533585 64.523218 64.514766 64.508075 64.502994 64.499384 64.49711 64.496047 64.496078 64.497093 64.498992 64.501679 64.505069 64.509081 64.513642 64.518684 64.524147 64.529974 64.536115 64.542523 64.549155 64.555975
63.530258 64.102281 64.606327 65.033012 65.380338 65.651745 65.854094 65.995977 66.086476 66.13437 66.147691 66.133526 66.097969 66.046166 65.982406 65.910223 65.832505 65.751587 65.669343 65.587261 65.506507 65.427981 65.352361 65.280145 65.211681 65.147194 65.086812 65.030581 64.978485 64.930456 64.886389 64.846148 64.809575 64.776497 64.74673 64.720087 64.696377 64.675409 64.656997 64.640957 64.627114 64.615299 64.60535 64.597113 64.590445 64.585208 64.581274 64.578525 64.57685 64.576144 64.576312 64.577266 64.578925 64.581212 64.58406 64.587405 64.591188 64.595358 64.599866 64.604669
64.501943 65.076205 65.564565 65.960629 66.266301 66.488998 66.639088 66.727928 66.766594 66.765168 66.732436 66.675829 66.601505 66.514493 66.418856 66.317847 66.214053 66.109509 66.005808 65.904178 65.805551 65.710622 65.619889 65.533696 65.452255 65.375679 65.303998 65.237175 65.175125 65.117721 65.064804 65.016196 64.971701 64.931115 64.894227 64.860822 64.830688 64.803616 64.779401 64.757844 64.738755 64.721951 64.707257 64.694509 64.68355 64.674234 64.666422 64.659987 64.654806 64.650769 64.647771 64.645715 64.644513 64.644082 64.644346 64.645235 64.646684 64.648635 64.651034 64.653831
65.679994 66.2358 66.684984 67.026184 67.26687 67.419558 67.498701 67.518594 67.492193 67.430624 67.343101 67.23707 67.118446 66.991871 66.860956 66.728485 66.59659 66.466886 66.340582 66.218567 66.101478 65.989751 65.883667 65.783377 65.688936 65.60032 65.517446 65.440179 65.368352 65.301768 65.240212 65.183455 65.131261 65.083386 65.03959 64.999632 64.963276 64.930291 64.900455 64.873552 64.849376 64.827732 64.808431 64.791299 64.776167 64.762879 64.751287 64.741252 64.732647 64.72535 64.71925 64.714243 64.710232 64.707128 64.704848 64.703316 64.702461 64.70222 64.702531 64.703341
67.063251 67.57601 67.959194 68.218884 68.36988 68.430806 68.420578 68.35636 68.25268 68.121289 67.971395 67.810059 67.642609 67.473016 67.304207 67.138313 66.97687 66.820956 66.671312 66.52842 66.392565 66.263885 66.142405 66.028064 65.920735 65.820242 65.726372 65.638886 65.557523 65.482013 65.412076 65.347428 65.287788 65.232875 65.182413 65.136133 65.093776 65.055089 65.01983 64.987767 64.958679 64.932357 64.908602 64.887225 64.868049 64.850907 64.835642 64.822109 64.810169 64.799695 64.790567 64.782674 64.775914 64.77019 64.765414 64.761503 64.758383 64.755981 64.754234 64.753082
68.626287 69.069979 69.359926 69.512124 69.550291 69.499887 69.384366 69.223453 69.032762 68.824144 68.606321 68.385557 68.16626 67.951464 67.743209 67.542821 67.351117 67.168555 66.995338 66.831488 66.676904 66.531394 66.394707 66.26655 66.146602 66.034523 65.929964 65.832571 65.741989 65.657867 65.579857 65.50762 65.440827 65.379155 65.322297 65.269953 65.221837 65.177677 65.137211 65.100191 65.066381 65.035558 65.007511 64.982041 64.958961 64.938094 64.919276 64.902352 64.887177 64.873616 64.861543 64.85084 64.841399 64.833116 64.825899 64.81966 64.814317 64.809795 64.806025 64.802942
70.312656 70.663988 70.83761 70.861434 70.76917 70.593379 70.361812 70.096254 69.812847 69.523023 69.234581 68.952642 68.680427 68.419839 68.17189 67.936995 67.715183 67.506237 67.309784 67.125365 66.952468 66.790564 66.639113 66.497584 66.365456 66.242223 66.127396 66.020506 65.9211 65.828745 65.743027 65.663549 65.589933 65.521819 65.458861 65.400733 65.347125 65.297741 65.252301 65.210541 65.172212 65.137077 65.104915 65.075515 65.048682 65.02423 65.001987 64.98179 64.963488 64.94694 64.932012 64.918581 64.906533 64.895761 64.886165 64.877652 64.870137 64.863541 64.857788 64.852811
72.033898 72.277454 72.321198 72.205851 71.975303 71.668936 71.318279 70.946636 70.570186 70.199559 69.841343 69.499319 69.175389 68.870242 68.583808 68.315564 68.064737 67.830426 67.611688 67.407581 67.217193 67.039654 66.874148 66.719908 66.576217 66.442407 66.317853 66.201972 66.094218 65.994079 65.901073 65.814749 65.734683 65.660473 65.591743 65.528138 65.469323 65.414982 65.364819 65.318553 65.275922 65.236677 65.200586 65.16743 65.137004 65.109115 65.083584 65.060241 65.038929 65.019499 65.001814 64.985746 64.971174 64.957986 64.946079 64.935355 64.925725 64.917104 64.909415 64.902586
73.678259 73.810928 73.725227 73.473918 73.110143 72.679245 72.215869 71.744377 71.280718 70.834582 70.411305 70.013336 69.641301 69.294727 68.972522 68.673284 68.395486 68.137596 67.898135 67.675717 67.469054 67.276966 67.098376 66.932299 66.777837 66.634171 66.500549 66.376283 66.260738 66.153328 66.05351 65.960782 65.874674 65.79475 65.720603 65.65185 65.588135 65.529124 65.474503 65.423978 65.377274 65.334132 65.294311 65.257582 65.223734 65.192565 65.163891 65.137536 65.113336 65.091139 65.070802 65.052192 65.035184 65.019662 65.005517 64.99265 64.980966 64.970377 64.960802 64.952167
75.12967 75.162251 74.962957 74.593993 74.11567 73.577919 73.017765 72.460356 71.921416 71.409854 70.929974 70.48313 70.068894 69.685828 69.33199 69.005237 68.703411 68.424441 68.166396 67.927505 67.706159 67.500911 67.310454 67.133616 66.969341 66.816674 66.674754 66.542798 66.420094 66.30599 66.199889 66.101241 66.009538 65.924312 65.845127 65.771578 65.70329 65.639911 65.581112 65.526588 65.476053 65.429239 65.385894 65.345785 65.308691 65.274408 65.242743 65.213516 65.186559 65.161715 65.138836 65.117786 65.098435 65.080664 65.064361 65.049423 65.035751 65.023255 65.01185 65.001459
76.291821 76.246632 75.962291 75.506385 74.943392 74.32605 73.692973 73.069956 72.472731 71.909822 71.384938 70.898756 70.450162 70.037073 69.656951 69.307129 68.984988 68.688056 68.414061 68.160938 67.926829 67.710073 67.509185 67.32284 67.149852 66.98916 66.83981 66.700943 66.571779 66.451614 66.339803 66.235758 66.13894 66.048851 65.965032 65.88706 65.814542 65.747111 65.684429 65.626178 65.572063 65.521808 65.475156 65.431866 65.391713 65.354486 65.319989 65.288037 65.258458 65.231092 65.205787 65.182403 65.160808 65.140879 65.122502 65.105569 65.089979 65.075641 65.062466 65.050373
77.107968 77.013255 76.678985 76.173452 75.561855 74.897692 74.220271 73.55591 72.920645 72.323106 71.766948 71.252679 70.778952 70.343415 69.943255 69.575532 69.237373 68.926075 68.639153 68.374356 68.129662 67.903266 67.693557 67.499103 67.318626 67.150983 66.995154 66.85022 66.715353 66.589806 66.4729 66.364015 66.262587 66.168098 66.08007 65.998063 65.921672 65.85052 65.784258 65.722561 65.665126 65.611671 65.561935 65.51567 65.472648 65.432655 65.395489 65.360964 65.328905 65.299146 65.271535 65.245929 65.222192 65.2002 65.179835 65.160988 65.143557 65.127444 65.112561 65.098825
77.568543 77.452066 77.102423 76.584328 75.96038 75.282748 74.590411 73.90995 73.257903 72.643424 72.07061 71.540298 71.051353 70.601538 70.18809 69.808063 69.458548 69.136782 68.840213 68.566515 68.313595 68.079577 67.862785 67.661726 67.475069 67.301625 67.140328 66.990224 66.850454 66.720242 66.598885 66.485743 66.380234 66.281825 66.190026 66.104387 66.024493 65.949959 65.88043 65.815575 65.755087 65.69868 65.646087 65.597059 65.551365 65.508786 65.469121 65.432178 65.397782 65.365765 65.335972 65.308257 65.282486 65.258529 65.236268 65.215591 65.196393 65.178578 65.162054 65.146735
77.705103 77.589303 77.252679 76.753204 76.14821 75.486658 74.806115 74.132967 73.484232 72.869814 72.2946 71.760133 71.265858 70.809991 70.390101 70.003484 69.647394 69.319179 69.016353 68.736631 68.477935 68.238394 68.016327 67.810231 67.618759 67.440707 67.274995 67.120653 66.976808 66.842671 66.717528 66.600728 66.491681 66.389846 66.294727 66.205867 66.122847 66.045278 65.972801 65.905083 65.841814 65.782705 65.727488 65.675912 65.627744 65.582765 65.540771 65.50157 65.464984 65.430846 65.398998 65.369293 65.341595 65.315775 65.291711 65.269291 65.248408 65.228965 65.210868 65.19403
77.575621 77.475476 77.171351 76.712732 76.149975 75.527398 74.880137 74.233787 73.605589 73.006188 72.441396 71.913676 71.423292 70.96915 70.549374 70.161695 69.803701 69.472993 69.167272 68.884391 68.622374 68.379421 68.153904 67.944353 67.749449 67.568001 67.398943 67.241309 67.094231 66.956921 66.828667 66.708818 66.596784 66.492023 66.394039 66.302374 66.21661 66.136356 66.061254 65.990969 65.925193 65.863636 65.80603 65.752124 65.701684 65.654492 65.610343 65.569045 65.53042 65.494299 65.460525 65.42895 65.399437 65.371856 65.346085 65.322011 65.299526 65.278532 65.258933 65.240641
77.248267 77.171518 76.910405 76.505491 75.999423 75.431013 74.832163 74.227049 73.632726 73.060365 72.516636 72.00496 71.526519 71.081033 70.667315 70.283662 69.92812 69.598648 69.293233 69.009947 68.746983 68.502675 68.275493 68.064046 67.867073 67.683431 67.512086 67.352102 67.202629 67.062898 66.932207 66.809919 66.695449 66.588262 66.487869 66.393817 66.30569 66.223102 66.145697 66.073144 66.005136 65.941385 65.881626 65.825608 65.773099 65.723882 65.677753 65.63452 65.594006 65.556043 65.520474 65.48715 65.455935 65.426699 65.399319 65.373681 65.349679 65.327211 65.306183 65.286506
76.788811 76.737509 76.522593 76.176198 75.733336 75.227022 74.685422 74.130761 73.579445 73.042836 72.528252 72.039959 71.580024 71.149 70.746437 70.371265 70.022053 69.697191 69.395014 69.113874 68.852187 68.608464 68.381317 68.169467 67.971741 67.787067 67.614467 67.45305 67.302004 67.160588 67.028125 66.903996 66.787634 66.678517 66.576166 66.480139 66.390028 66.305454 66.226068 66.151542 66.081575 66.015884 65.954206 65.896294 65.841919 65.790864 65.74293 65.697925 65.655674 65.61601 65.578776 65.543827 65.511024 65.480238 65.451347 65.424238 65.398804 65.374942 65.352559 65.331566
76.253332 76.225749 76.055112 75.76615 75.386865 74.944641 74.463726 73.964027 73.460894 72.965505 72.485537 72.025898 71.589412 71.177393 70.790105 70.427109 70.08752 69.77019 69.473834 69.197121 68.938724 68.697364 68.471824 68.260963 68.063721 67.879115 67.706243 67.544273 67.392444 67.250054 67.116462 66.991075 66.87335 66.762785 66.658918 66.561321 66.469597 66.38338 66.302327 66.226121 66.154465 66.087084 66.023719 65.964129 65.908088 65.855383 65.805817 65.759202 65.715365 65.67414 65.635374 65.598921 65.564644 65.532415 65.502114 65.473626 65.446846 65.421671 65.398009 65.375769
75.685521 75.677826 75.546528 75.310177 74.990672 74.610242 74.189305 73.745275 73.292143 72.840572 72.398293 71.97061 71.560917 71.171166 70.80225 70.454315 70.127001 69.819615 69.531263 69.260939 69.007596 68.770178 68.547659 68.339053 68.143428 67.959909 67.787681 67.625984 67.474117 67.33143 67.19732 67.071233 66.952655 66.841108 66.736152 66.637376 66.544402 66.456874 66.374462 66.296861 66.223781 66.154955 66.090132 66.029076 65.971566 65.917395 65.866369 65.818305 65.773032 65.730386 65.690218 65.652382 65.616746 65.583181 65.551568 65.521795 65.493755 65.46735 65.442484 65.419069
75.11695 75.124443 75.026143 74.835621 74.569676 74.246016 73.881509 73.491075 73.087168 72.679681 72.276129 71.881968 71.50096 71.135535 70.7871 70.456308 70.143269 69.847715 69.569124 69.306813 69.060007 68.827888 68.609623 68.404392 68.211401 68.029891 67.859143 67.69848 67.547267 67.404913 67.270863 67.144603 67.025653 66.913568 66.80793 66.708353 66.614475 66.525958 66.442486 66.363765 66.289519 66.219487 66.153428 66.091113 66.032328 65.976872 65.924556 65.8752 65.828637 65.784709 65.743268 65.704171 65.667288 65.632493 65.599668 65.568702 65.539491 65.511935 65.485941 65.461422
74.568816 74.586733 74.51478 74.362631 74.142935 73.869573 73.556247 73.21551 72.858222 72.493342 72.127957 71.767459 71.415788 71.075686 70.748947 70.436631 70.139246 69.856898 69.589403 69.336378 69.097313 68.871613 68.658643 68.45775 68.268279 68.089593 67.921073 67.76213 67.612202 67.470759 67.337301 67.211359 67.09249 66.980283 66.87435 66.774329 66.679878 66.590679 66.506433 66.426858 66.351692 66.280686 66.213606 66.150234 66.090363 66.033798 65.980356 65.929862 65.882156 65.837081 65.794493 65.754255 65.716237 65.680316 65.646377 65.614311 65.584014 65.55539 65.528344 65.502792
74.05414 74.078113 74.026217 73.905132 73.724208 73.49416 73.225955 72.929989 72.615563 72.290619 71.961675 71.633892 71.311216 70.996553 70.691955 70.398784 70.117868 69.849623 69.594158 69.351359 69.120954 68.902563 68.695735 68.499978 68.314778 68.139617 67.973979 67.817363 67.669283 67.529275 67.396893 67.271717 67.153348 67.041407 66.935539 66.835407 66.740696 66.651106 66.566357 66.486183 66.410334 66.338574 66.270682 66.206448 66.145672 66.088169 66.033761 65.982281 65.933571 65.887482 65.843873 65.80261 65.763567 65.726624 65.691668 65.658593 65.627296 65.597683 65.569662 65.543147
73.57987 73.606159 73.568742 73.472036 73.322808 73.129206 72.899889 72.643346 72.367419 72.079022 71.784021 71.487224 71.192454 70.902653 70.620012 70.3461 70.081978 69.828309 69.585444 69.353499 69.132411 68.921993 68.721964 68.531982 68.351667 68.180617 68.018417 67.864652 67.718914 67.580803 67.449932 67.325929 67.208438 67.097119 66.991648 66.891718 66.797038 66.70733 66.622333 66.541799 66.465492 66.393191 66.324685 66.259773 66.198269 66.139992 66.084773 66.032452 65.982876 65.935902 65.891393 65.84922 65.809259 65.771395 65.735518 65.701523 65.669311 65.638788 65.609866 65.58246
