dados_process/media_preci.asc.aux.xml
NCOLS 139
NROWS 92
XLLCORNER -40151.9
YLLCORNER 91363.3
CELLSIZE 250
NODATA_VALUE -9999
[rows 48 to 71 of 92, columns 0 to 54 of 139]
0.063281775 0.062874537 0.062457282 0.062029644 0.061591225 0.061141593 0.060680272 0.060206734 0.059720396 0.059220604 0.058706619 0.058177612 0.057632635 0.057070615 0.05649032 0.055890343 0.055269072 0.054624661 0.053954992 0.053257648 0.052529869 0.05176852 0.050970051 0.050130466 0.049245297 0.048309583 0.047317868 0.046264219 0.045142266 0.04394528 0.042666291 0.041298263 0.039834327 0.038268097 0.036594066 0.034808102 0.032908049 0.030894445 0.028771345 0.026547258 0.024236166 0.021858593 0.019442669 0.017025089 0.014651848 0.012378573 0.010270254 0.008400133 0.0068475349 0.00569448 0.0050210535 0.0048997272 0.0053890984 0.0065278036 0.0083295361
0.062568385 0.062143391 0.061708052 0.061262031 0.060804961 0.060336449 0.059856063 0.059363331 0.05885773 0.058338676 0.057805512 0.057257494 0.056693779 0.056113399 0.055515244 0.054898034 0.054260295 0.05360032 0.052916141 0.052205483 0.051465731 0.050693879 0.049886493 0.049039667 0.048148986 0.047209501 0.046215708 0.045161558 0.04404048 0.042845449 0.041569092 0.040203851 0.03874221 0.037177008 0.035501832 0.033711526 0.031802807 0.029775001 0.027630912 0.025377803 0.023028483 0.020602471 0.018127169 0.015638966 0.013184149 0.010819423 0.0086118387 0.0066378444 0.0049811917 0.0037294736 0.0029692029 0.0027795729 0.0032253637 0.0043498749 0.0061689977
0.061865822 0.061423506 0.060970551 0.060506648 0.06003147 0.059544666 0.059045861 0.058534643 0.05801056 0.057473111 0.056921734 0.056355791 0.055774558 0.055177201 0.054562755 0.053930102 0.05327794 0.052604746 0.051908745 0.051187865 0.050439691 0.049661417 0.048849801 0.048001106 0.047111062 0.046174823 0.045186936 0.044141333 0.043031345 0.041849748 0.040588858 0.039240677 0.037797112 0.036250276 0.034592884 0.032818756 0.030923449 0.028905012 0.026764878 0.02450889 0.022148451 0.01970176 0.017195102 0.014664099 0.012154795 0.0097244121 0.0074415219 0.0053853345 0.0036437817 0.0023100764 0.0014775741 0.0012330016 0.0016484036 0.0027728738 0.0046254517
0.061174531 0.060715302 0.060245163 0.059763838 0.059271043 0.058766476 0.05824982 0.057720734 0.057178845 0.056623744 0.056054977 0.055472028 0.054874309 0.054261139 0.053631728 0.052985145 0.052320295 0.051635883 0.050930374 0.050201949 0.049448458 0.048667367 0.047855699 0.047009977 0.04612617 0.045199636 0.044225082 0.043196536 0.042107344 0.040950199 0.039717216 0.038400064 0.036990163 0.035478979 0.033858409 0.032121284 0.030262002 0.028277295 0.026167145 0.023935842 0.021593177 0.019155751 0.016648365 0.014105401 0.011572106 0.0091055843 0.0067752679 0.0046625258 0.0028590291 0.0014634601 0.00057624978 0.00029236966 0.0006922615 0.0018320037 0.0037349304
0.060494924 0.060019161 0.059532232 0.059033898 0.058523919 0.058002046 0.057468025 0.056921587 0.056362449 0.055790302 0.055204807 0.054605582 0.053992192 0.053364128 0.052720793 0.052061474 0.051385315 0.050691284 0.049978131 0.049244347 0.048488108 0.047707217 0.046899049 0.046060476 0.045187804 0.04427671 0.043322177 0.042318458 0.041259046 0.040136686 0.038943425 0.037670725 0.036309645 0.034851109 0.033286285 0.031607084 0.029806785 0.027880815 0.025827675 0.02365002 0.021355889 0.018960072 0.01648557 0.013965109 0.011442594 0.0089743563 0.0066299474 0.0044921405 0.0026556903 0.0012243425 0.00030561817 2.9886991e-06 0.00040650826 0.0015804314 0.0035534621
0.059827385 0.059335435 0.05883207 0.05831709 0.057790297 0.0572515 0.056700508 0.056137129 0.055561171 0.054972431 0.054370693 0.053755719 0.053127235 0.052484921 0.051828392 0.051157173 0.050470678 0.049768171 0.04904873 0.048311204 0.047554154 0.046775795 0.04597393 0.045145874 0.04428838 0.043397558 0.042468802 0.041496726 0.040475122 0.03939694 0.038254322 0.037038679 0.035740857 0.034351382 0.032860825 0.031260283 0.029542009 0.027700186 0.025731868 0.02363807 0.021425028 0.019105596 0.016700771 0.0142413 0.011769292 0.0093396927 0.0070214228 0.0048978046 0.0030658172 0.0016335501 0.0007151924 0.00042306641 0.00085698246 0.0020907597 0.0041592307
0.059172285 0.058664461 0.058144973 0.057613655 0.057070356 0.056514938 0.055947274 0.055367251 0.054774768 0.054169731 0.05355205 0.052921634 0.052278381 0.051622168 0.050952835 0.050270166 0.049573863 0.048863518 0.048138576 0.047398286 0.046641651 0.045867364 0.045073739 0.044258628 0.043419337 0.042552536 0.041654167 0.040719364 0.039742382 0.038716557 0.037634305 0.036487178 0.035265995 0.033961065 0.032562528 0.031060829 0.029447333 0.027715106 0.025859857 0.023881046 0.021783153 0.019577102 0.017281822 0.014925921 0.012549413 0.010205396 0.0079614943 0.0059007332 0.0041213372 0.0027347552 0.001861062 0.0016209826 0.0021241696 0.0034541982 0.0056526235
0.058529986 0.058006569 0.057471227 0.056923829 0.056364267 0.055792452 0.055208322 0.054611839 0.05400299 0.053381789 0.052748273 0.052102499 0.051444539 0.050774471 0.050092369 0.049398286 0.048692231 0.047974146 0.04724387 0.046501094 0.045745313 0.044975759 0.044191332 0.043390513 0.042571273 0.04173097 0.040866242 0.039972907 0.03904587 0.038079052 0.037065356 0.035996694 0.03486408 0.033657826 0.032367858 0.030984171 0.02949744 0.027899798 0.026185787 0.024353479 0.022405762 0.020351775 0.018208492 0.016002427 0.013771441 0.011566562 0.0094536871 0.0075148512 0.0058485825 0.0045685581 0.0037995523 0.0036695729 0.004297399 0.0057757674 0.0081523572
0.057900852 0.057362091 0.056811126 0.056247858 0.055672214 0.055084153 0.05448367 0.053870797 0.053245609 0.052608219 0.051958786 0.051297513 0.050624642 0.049940452 0.049245251 0.048539366 0.047823122 0.047096824 0.046360728 0.045614996 0.044859654 0.04409453 0.043319177 0.042532795 0.041734125 0.040921339 0.040091928 0.039242568 0.038369014 0.037465991 0.036527132 0.035544958 0.03451094 0.033415656 0.032249079 0.031001006 0.029661666 0.028222501 0.026677127 0.025022482 0.023260123 0.021397691 0.019450496 0.017443244 0.015411871 0.013405456 0.011488091 0.0097404753 0.0082607446 0.0071637309 0.0065774879 0.0066356495 0.0074643784 0.0091637013 0.011785221
0.057285257 0.056731376 0.056164985 0.05558601 0.054994409 0.054390182 0.053773375 0.053144082 0.052502453 0.051848696 0.051183083 0.050505951 0.049817706 0.049118819 0.048409828 0.047691326 0.046963956 0.046228391 0.045485311 0.044735371 0.043979157 0.043217132 0.042449566 0.041676448 0.040897392 0.040111513 0.039317301 0.038512475 0.037693851 0.036857198 0.035997142 0.035107102 0.034179305 0.0332049 0.03217421 0.031077136 0.029903753 0.028645096 0.02729415 0.025847024 0.024304295 0.022672495 0.020965726 0.019207388 0.017432026 0.015687269 0.014035794 0.01255712 0.011348772 0.010526016 0.010218842 0.010564505 0.011693865 0.013710816 0.016666561
0.056683594 0.056114795 0.055533147 0.054938592 0.054331112 0.05371074 0.053077561 0.052431722 0.051773437 0.051102997 0.050420771 0.049727218 0.049022891 0.04830844 0.047584616 0.046852269 0.046112347 0.045365881 0.044613977 0.043857783 0.043098462 0.042337139 0.041574839 0.040812412 0.040050425 0.039289052 0.038527928 0.037766 0.037001358 0.036231075 0.035451056 0.034655935 0.033839035 0.032992426 0.032107133 0.031173505 0.030181795 0.029122953 0.027989653 0.026777513 0.025486509 0.024122518 0.022698984 0.021238669 0.019775501 0.018356513 0.017043826 0.015916512 0.015071922 0.014625649 0.014708719 0.015460023 0.017011804 0.019466924 0.022869489
0.056096284 0.055512756 0.054915997 0.05430596 0.053682642 0.053046096 0.052396437 0.051733849 0.051058598 0.050371036 0.049671616 0.048960899 0.048239563 0.047508414 0.046768393 0.046020586 0.045266219 0.044506665 0.043743434 0.042978161 0.042212577 0.041448477 0.040687669 0.039931899 0.03918276 0.038441579 0.037709272 0.036986184 0.036271902 0.035565061 0.034863156 0.034162384 0.033457538 0.032742011 0.03200793 0.031246481 0.030448464 0.029605093 0.028709055 0.027755811 0.026745094 0.025682567 0.024581568 0.023464934 0.022366873 0.021334899 0.020431783 0.019737387 0.019349962 0.019386058 0.019977515 0.021263313 0.023373638 0.02640443 0.030383953
0.055523779 0.054925703 0.054313971 0.053688534 0.053049394 0.052396613 0.051730319 0.051050721 0.050358115 0.0496529 0.048935586 0.04820681 0.04746735 0.046718139 0.045960277 0.045195048 0.044423925 0.043648587 0.042870915 0.042092995 0.041317108 0.040545703 0.039781363 0.039026749 0.038284522 0.037557232 0.036847188 0.036156288 0.035485822 0.034836252 0.034206984 0.03359615 0.033000433 0.03241499 0.031833508 0.031248456 0.030651591 0.030034757 0.029390974 0.028715831 0.028009114 0.027276603 0.026531978 0.025798762 0.025112269 0.024521564 0.024091375 0.023903817 0.024059503 0.024677101 0.025889697 0.027835409 0.030639267 0.034384205 0.039072927
0.05496657 0.054354133 0.053727564 0.053086805 0.052431849 0.051762753 0.051079646 0.05038274 0.049672345 0.048948877 0.048212882 0.047465042 0.046706203 0.045937385 0.045159809 0.044374912 0.043584368 0.042790109 0.041994339 0.041199546 0.040408506 0.039624282 0.038850202 0.038089826 0.037346883 0.03662519 0.035928521 0.035260455 0.034624172 0.034022212 0.033456212 0.032926631 0.032432498 0.031971234 0.031538602 0.031128864 0.030735202 0.030350481 0.029968369 0.02958481 0.029199808 0.02881943 0.028457914 0.028139814 0.027902096 0.027796163 0.027889743 0.028268466 0.029036651 0.03031627 0.032242237 0.034951196 0.038560381 0.04313419 0.048640697
0.054425189 0.05379859 0.053157333 0.052501339 0.051830581 0.051145095 0.050444994 0.049730474 0.049001834 0.048259485 0.047503976 0.046736002 0.045956438 0.045166349 0.044367026 0.043560007 0.042747107 0.041930449 0.041112487 0.04029604 0.039484308 0.038680893 0.037889803 0.037115441 0.036362573 0.035636268 0.034941803 0.034284519 0.033669631 0.033101984 0.032585757 0.032124138 0.031718984 0.031370533 0.031077221 0.030835691 0.030641098 0.03048778 0.030370365 0.030285324 0.030232916 0.030219426 0.030259555 0.030378833 0.030615935 0.031024829 0.03167666 0.032661147 0.034086934 0.036079749 0.038776288 0.042310692 0.046789835 0.05225498 0.058632787
0.053900213 0.053259676 0.052603906 0.05193279 0.051246267 0.050544341 0.049827086 0.049094664 0.048347338 0.047585488 0.046809632 0.046020443 0.045218778 0.044405703 0.043582523 0.042750814 0.041912462 0.041069701 0.040225151 0.039381869 0.038543379 0.037713722 0.036897481 0.036099805 0.035326414 0.034583571 0.033878026 0.033216909 0.032607566 0.032057322 0.031573182 0.03116145 0.03082732 0.030574454 0.030404636 0.030317591 0.030311102 0.030381525 0.030524819 0.030738126 0.031021868 0.031382248 0.031833967 0.032402984 0.033129115 0.034068362 0.03529479 0.036901693 0.039001408 0.041722473 0.045201872 0.049568959 0.0549171 0.061260697 0.068481631
0.053392261 0.052738047 0.052067975 0.051381891 0.050679686 0.049961313 0.049226793 0.048476232 0.047709831 0.04692791 0.046130924 0.045319482 0.044494383 0.043656637 0.042807504 0.041948529 0.041081589 0.04020894 0.03933327 0.038457758 0.037586132 0.036722737 0.035872596 0.035041463 0.034235874 0.033463165 0.032731469 0.032049659 0.03142723 0.030874105 0.030400333 0.030015704 0.029729252 0.029548711 0.029479977 0.029526685 0.029690052 0.029969148 0.030361743 0.030865835 0.03148185 0.032215398 0.033080365 0.034102075 0.035320249 0.036791534 0.038591374 0.040814876 0.04357593 0.047003216 0.051230664 0.056378879 0.062523622 0.069649498 0.077594094
0.052901994 0.05223441 0.051550302 0.050849461 0.050131718 0.049396961 0.048645139 0.047876281 0.047090504 0.046288037 0.045469237 0.044634614 0.043784858 0.042920871 0.042043804 0.041155098 0.040256536 0.0393503 0.03843903 0.037525902 0.036614705 0.035709932 0.03481687 0.033941697 0.033091577 0.032274737 0.031500528 0.030779438 0.030123045 0.029543888 0.029055214 0.028670593 0.028403382 0.028266056 0.028269465 0.028422113 0.028729644 0.029194743 0.02981766 0.030597559 0.031534727 0.032633543 0.033905969 0.03537517 0.037078891 0.039072232 0.041429491 0.044244631 0.047629588 0.051708969 0.056608723 0.062435402 0.06924253 0.076983081 0.085454663
0.05243011 0.051749522 0.051051707 0.050336392 0.049603336 0.048852348 0.048083288 0.047296088 0.046490758 0.045667409 0.044826267 0.043967703 0.043092255 0.04220066 0.041293899 0.040373234 0.039440269 0.038497005 0.03754592 0.03659005 0.035633087 0.034679491 0.033734619 0.032804852 0.031897748 0.031022184 0.030188489 0.029408551 0.028695866 0.028065507 0.027533954 0.027118766 0.026838036 0.026709634 0.026750246 0.02697433 0.027393146 0.028014136 0.028840966 0.029874496 0.03111485 0.032564531 0.034232278 0.036137215 0.038312713 0.040809474 0.043697335 0.047065283 0.051018838 0.055673394 0.061141246 0.067509304 0.074804788 0.082949095 0.091707641
0.051977338 0.05128418 0.050573066 0.049843646 0.049095601 0.048328644 0.047542536 0.04673709 0.045912191 0.045067804 0.044203997 0.043320964 0.042419047 0.041498771 0.040560885 0.0396064 0.038636653 0.03765337 0.036658742 0.035655528 0.034647161 0.033637881 0.032632896 0.031638548 0.030662522 0.029714049 0.028804137 0.027945775 0.027154112 0.026446551 0.025842718 0.025364238 0.025034244 0.024876573 0.024914629 0.025169976 0.025660843 0.026400832 0.027398253 0.028656494 0.030175737 0.031956064 0.03400166 0.036325517 0.038953897 0.041929807 0.045314823 0.049188656 0.0536456 0.058786597 0.064704952 0.071463351 0.079060493 0.087388857 0.096192197
0.051544431 0.050839216 0.050115295 0.049372241 0.048609642 0.04782711 0.047024289 0.046200865 0.045356572 0.044491213 0.043604669 0.042696926 0.041768094 0.040818442 0.039848427 0.03885875 0.037850401 0.036824735 0.035783548 0.034729187 0.033664666 0.032593823 0.031521494 0.030453734 0.029398062 0.028363748 0.027362126 0.026406926 0.025514589 0.024704535 0.023999309 0.023424525 0.023008499 0.022781472 0.022774347 0.023016932 0.023535862 0.024352491 0.025481293 0.026929348 0.028697431 0.03078291 0.033184194 0.035906047 0.038964757 0.04239216 0.046237627 0.050567269 0.055459592 0.060996519 0.067248318 0.074250888 0.081974851 0.090289144 0.098927902
0.051132156 0.050415478 0.049679342 0.048923233 0.048146643 0.047349074 0.046530045 0.045689099 0.04482581 0.043939798 0.04303074 0.042098387 0.041142586 0.040163311 0.039160689 0.038135049 0.037086973 0.036017361 0.03492752 0.033819265 0.03269505 0.031558137 0.030412793 0.029264538 0.028120446 0.026989499 0.025882992 0.024814994 0.023802821 0.0228675 0.02203414 0.0213321 0.020794828 0.020459199 0.020364196 0.020548867 0.021049623 0.02189722 0.023113995 0.024712175 0.026694011 0.0290542 0.03178445 0.034879394 0.038342619 0.042191437 0.04645925 0.051194644 0.056456497 0.062304373 0.068783296 0.075902243 0.083606888 0.091750054 0.10006824
0.050741282 0.050013827 0.049266168 0.048497703 0.047707822 0.046895911 0.046061359 0.045203558 0.044321914 0.043415852 0.042484829 0.041528345 0.040545964 0.039537337 0.038502227 0.037440552 0.036352436 0.035238266 0.034098779 0.032935167 0.031749213 0.030543458 0.029321428 0.028087904 0.026849263 0.025613899 0.024392723 0.023199742 0.022052713 0.020973806 0.019990237 0.019134721 0.018445578 0.017966279 0.017744177 0.01782824 0.018265774 0.019098417 0.020358049 0.022063633 0.024220067 0.026819815 0.029847389 0.033285833 0.037123728 0.041360947 0.046011704 0.051103854 0.056673872 0.062757106 0.069373069 0.076505918 0.084081502 0.091944818 0.099845145
0.050372568 0.049635114 0.048876734 0.048096734 0.047294404 0.046469012 0.045619814 0.04474605 0.043846951 0.042921742 0.041969655 0.04098993 0.039981836 0.038944686 0.037877863 0.036780853 0.035653288 0.034495006 0.03330613 0.032087166 0.030839147 0.029563803 0.028263792 0.026943001 0.025606921 0.024263122 0.022921839 0.021596674 0.020305412 0.01907091 0.017921993 0.016894225 0.01603035 0.015380111 0.014999132 0.014946529 0.015281137 0.016056514 0.017315444 0.019085102 0.021374321 0.024174128 0.027461889 0.031208269 0.035385273 0.039973217 0.044964768 0.050364869 0.056186046 0.062439077 0.069119381 0.076189985 0.083563026 0.091083516 0.098521348
