dados_process/media_vento.asc
NCOLS 125
NROWS 83
XLLCORNER -41370.2
YLLCORNER 94214.4
CELLSIZE 250
NODATA_VALUE -9999
[rows 0 to 24 of 83, columns 57 to 113 of 125]
0.36571413 0.3637435 0.36077214 0.35670501 0.35146145 0.34497245 0.3371781 0.32802592 0.31747088 0.30547739 0.29202383 0.27710974 0.26076542 0.24306376 0.22413303 0.20416914 0.18344524 0.16231571 0.14121202 0.12062819 0.1010952 0.083146065 0.067275451 0.05389982 0.043324543 0.035723381 0.031133134 0.02946312 0.030516347 0.034017628 0.039643631 0.047050734 0.055898022 0.065864235 0.076658725 0.088027219 0.099753545 0.11165852 0.12359706 0.13545432 0.14714153 0.15859186 0.16975658 0.18060167 0.19110485 0.20125313 0.21104069 0.22046727 0.22953672 0.23825598 0.2466342 0.25468204 0.26241117 0.26983385 0.27696263 0.2838101 0.29038873
0.36713639 0.36541747 0.36268752 0.35884737 0.35381169 0.34750562 0.33986136 0.330816 0.320311 0.30829411 0.29472415 0.27957901 0.26286682 0.24463992 0.22501078 0.20416794 0.18238949 0.1600505 0.13762093 0.11565063 0.094740294 0.075499884 0.058499279 0.044218903 0.033008821 0.025063491 0.020415834 0.018950008 0.020428513 0.024527266 0.030872158 0.039071995 0.048744763 0.05953614 0.071130667 0.083256838 0.095687664 0.10823825 0.12076164 0.13314384 0.14529874 0.15716328 0.16869308 0.17985871 0.19064241 0.20103551 0.21103626 0.22064807 0.22987816 0.23873646 0.24723478 0.25538612 0.26320424 0.27070319 0.27789712 0.28480001 0.29142554
0.36883378 0.36737874 0.36491407 0.3613375 0.35655995 0.35050123 0.34308602 0.33424088 0.32389323 0.31197304 0.29841766 0.28318051 0.26624363 0.2476339 0.22744222 0.20584355 0.18311503 0.15964776 0.13594764 0.11262068 0.090340607 0.069799982 0.051650684 0.03644338 0.0245772 0.016268987 0.011546873 0.010267112 0.012148239 0.016814144 0.023837844 0.032779791 0.043217332 0.054764489 0.067082974 0.079886245 0.092938649 0.10605151 0.11907759 0.131905 0.14445121 0.15665756 0.16848438 0.17990696 0.19091212 0.20149542 0.21165897 0.22140968 0.23075786 0.23971617 0.2482988 0.25652087 0.26439793 0.27194564 0.27917948 0.28611464 0.29276581
0.37087482 0.36969176 0.36751319 0.36423505 0.35976547 0.35401983 0.34691586 0.33836993 0.32829542 0.31660393 0.3032101 0.28804067 0.27104823 0.25222962 0.23164835 0.20945916 0.18593126 0.1614655 0.13659905 0.111992 0.088391924 0.066577398 0.047287148 0.031146944 0.018608512 0.0099125868 0.0050821148 0.0039439107 0.006170865 0.011333866 0.018953238 0.028542441 0.039640476 0.051832534 0.064760444 0.078125396 0.091685462 0.10525008 0.11867316 0.13184588 0.14468984 0.15715103 0.16919452 0.18080019 0.19195911 0.20267075 0.21294068 0.22277889 0.23219836 0.2412141 0.24984231 0.25809983 0.26600371 0.27357087 0.28081791 0.28776093 0.29441543
0.37333213 0.37242512 0.3705501 0.36760265 0.36348939 0.35812229 0.35141307 0.3432687 0.33358901 0.32226737 0.30919521 0.29427124 0.27741609 0.25859263 0.23783161 0.21526074 0.19113364 0.16585303 0.13998049 0.11422514 0.089405923 0.066387456 0.045997169 0.028938468 0.015717841 0.0066012062 0.0016068854 0.00053270513 0.0030069511 0.0085495825 0.016631389 0.026722819 0.038328871 0.05101015 0.064392409 0.078167716 0.09209026 0.10596928 0.11966087 0.13305977 0.14609186 0.15870755 0.17087629 0.18258199 0.19381941 0.20459127 0.214906 0.22477605 0.23421652 0.24324421 0.25187685 0.26013256 0.26802948 0.27558545 0.28281782 0.28974334 0.29637806
0.37627618 0.37564559 0.37408812 0.37150055 0.36778937 0.3628645 0.35663287 0.34899323 0.33983295 0.32902801 0.31644699 0.30196019 0.28545481 0.2668569 0.24615982 0.22345785 0.19898103 0.17312495 0.14646638 0.11975524 0.093875314 0.069772937 0.04836198 0.030422765 0.016516844 0.0069364259 0.001697245 0.00057141422 0.0031472825 0.0088997868 0.017256868 0.027652806 0.039565006 0.052535023 0.066176958 0.080177009 0.09428766 0.10831919 0.12213039 0.13561952 0.14871628 0.16137488 0.17356825 0.18528347 0.19651808 0.20727715 0.21757114 0.22741417 0.23682273 0.24581478 0.25440899 0.26262424 0.2704793 0.2779925 0.2851816 0.29206366 0.298655
0.37976777 0.37941097 0.37818172 0.37597975 0.37271301 0.36829083 0.36261689 0.3555833 0.34706658 0.33692681 0.32501095 0.31116152 0.29523205 0.27711007 0.25674813 0.23420154 0.20966901 0.18352925 0.15636315 0.12894983 0.10222702 0.077213348 0.054901877 0.036145135 0.021557809 0.011459407 0.0058670969 0.0045340682 0.0070176927 0.012758086 0.021150733 0.0316034 0.043574145 0.056591989 0.070264101 0.084273905 0.0983739 0.11237607 0.12614176 0.13957213 0.15259972 0.16518131 0.17729214 0.18892121 0.20006761 0.21073769 0.22094288 0.23069806 0.2400203 0.24892794 0.25743994 0.26557538 0.27335313 0.28079158 0.28790849 0.29472091 0.30124509
0.3838503 0.38376238 0.38286901 0.38107467 0.37829044 0.37442673 0.36938577 0.36305488 0.35530175 0.34597262 0.33489478 0.32188459 0.30676273 0.28937791 0.26963984 0.24756055 0.22330046 0.19721154 0.16986636 0.14205889 0.1147655 0.089062459 0.066009449 0.046522185 0.031264195 0.020583352 0.014504545 0.012772638 0.014927401 0.020388509 0.028532781 0.038753481 0.050498937 0.06329269 0.076739672 0.090523225 0.10439701 0.11817473 0.13171955 0.14493429 0.15775286 0.17013308 0.18205089 0.19349569 0.20446675 0.2149704 0.22501791 0.23462388 0.24380503 0.25257932 0.26096529 0.26898159 0.27664668 0.28397851 0.29099447 0.29771122 0.30414467
0.38854285 0.38871724 0.38816455 0.38679581 0.38452697 0.38127134 0.37693155 0.37139227 0.36451459 0.35613339 0.34605873 0.33408314 0.31999628 0.30360894 0.28478737 0.26349754 0.23985579 0.21417821 0.18701607 0.15916179 0.13161169 0.10548036 0.081876608 0.061766348 0.045855512 0.03452152 0.027805414 0.025457734 0.027017771 0.031902489 0.039486315 0.049161572 0.060377177 0.072658335 0.085612114 0.098923961 0.11234926 0.1257029 0.13884861 0.15168923 0.16415824 0.17621264 0.1878273 0.19899039 0.20969981 0.21996054 0.22978245 0.2391788 0.24816505 0.25675795 0.26497491 0.27283355 0.28035134 0.28754539 0.29443226 0.30102789 0.30734751
0.39383505 0.3942638 0.39405355 0.39312366 0.39139673 0.38879074 0.3852107 0.38054074 0.37463776 0.3673278 0.35840643 0.34764504 0.33480475 0.3196603 0.30203511 0.28184778 0.25916648 0.23426348 0.20765638 0.18011908 0.15264709 0.12637091 0.10242755 0.081817082 0.065279777 0.053223783 0.04571612 0.042529151 0.043221019 0.047225455 0.053931874 0.062745676 0.07312666 0.084608509 0.096804357 0.10940346 0.12216308 0.13489837 0.14747214 0.15978543 0.17176932 0.18337812 0.1945838 0.2053716 0.21573661 0.22568106 0.23521227 0.24434113 0.25308091 0.26144636 0.26945309 0.27711708 0.28445434 0.29148064 0.29821137 0.30466139 0.31084499
0.39968487 0.40035821 0.40048837 0.4000047 0.39883809 0.39691297 0.3941386 0.39040062 0.38555396 0.37941826 0.37177724 0.36238385 0.35097339 0.33728689 0.32110658 0.30230383 0.28089629 0.25710644 0.23140756 0.20453912 0.17747525 0.15133913 0.1272736 0.10629549 0.089170263 0.076337563 0.067900198 0.063668605 0.063239053 0.066081186 0.071616207 0.079275908 0.088540564 0.098958561 0.11015258 0.12181711 0.13371127 0.14564957 0.15749244 0.16913741 0.18051136 0.19156411 0.2022631 0.21258913 0.22253307 0.2320932 0.24127321 0.25008068 0.25852587 0.26662082 0.27437872 0.28181338 0.28893886 0.29576921 0.30231828 0.30859955 0.31462609
0.40601955 0.40692478 0.40738809 0.40735025 0.40675197 0.40552573 0.4035867 0.40082385 0.39709205 0.3922066 0.38594156 0.37803384 0.36819539 0.35613605 0.34159909 0.32441 0.3045355 0.28214487 0.25765928 0.23177077 0.20541393 0.17968324 0.15570602 0.13449866 0.11684224 0.10320741 0.093740748 0.088304687 0.086550314 0.087999812 0.092120766 0.098382937 0.10629546 0.11542693 0.12541273 0.13595402 0.14681195 0.15779979 0.16877451 0.17962877 0.19028389 0.20068379 0.21079002 0.22057772 0.23003242 0.23914745 0.24792199 0.2563595 0.26446657 0.27225192 0.27972581 0.28689939 0.2937844 0.30039281 0.30673663 0.3128277 0.31867763
0.41273988 0.41385956 0.41464145 0.41503889 0.41500367 0.41447766 0.41338335 0.41161443 0.40902718 0.40543404 0.40060099 0.3942506 0.38607352 0.37575072 0.36298912 0.34757081 0.32941324 0.30863208 0.28559248 0.2609304 0.23552734 0.2104317 0.186737 0.1654436 0.14733833 0.13292032 0.12238425 0.11565388 0.11244708 0.1123509 0.11489041 0.11958244 0.12597185 0.1336522 0.14227461 0.15154855 0.16123792 0.17115476 0.18115213 0.19111718 0.20096482 0.2106322 0.22007414 0.22925929 0.23816704 0.24678508 0.25510744 0.26313291 0.27086385 0.27830525 0.28546399 0.29234827 0.29896716 0.30533027 0.31144754 0.31732895 0.32298448
0.41972734 0.42103714 0.42211328 0.42292251 0.42342865 0.42358391 0.42331915 0.42253376 0.42108629 0.41878719 0.41539517 0.41061953 0.40413102 0.39558391 0.38465168 0.37107675 0.35473116 0.33567994 0.31423273 0.29096605 0.26670028 0.24242578 0.21918821 0.19795854 0.17951928 0.16439269 0.15282101 0.14479282 0.14009868 0.13839747 0.13927873 0.14231259 0.14708479 0.15321791 0.1603818 0.16829633 0.17672951 0.18549294 0.19443619 0.20344098 0.21241571 0.22129056 0.23001329 0.23854569 0.24686069 0.25493998 0.26277204 0.27035069 0.27767376 0.28474222 0.29155931 0.29813001 0.30446054 0.31055797 0.31642996 0.32208449 0.32752975
0.42685338 0.42831992 0.42965392 0.43083591 0.43184227 0.4326362 0.43315748 0.43331171 0.43296012 0.43191135 0.42991713 0.42667397 0.42183381 0.41502638 0.40589532 0.39414849 0.37961879 0.36232688 0.34253178 0.32075228 0.2977452 0.27443611 0.25181302 0.2308064 0.21218406 0.19648308 0.18398782 0.174749 0.16862962 0.16536198 0.16460281 0.16597886 0.16912024 0.17368185 0.17935517 0.18587301 0.19300951 0.20057746 0.20842415 0.2164268 0.22448792 0.23253114 0.24049745 0.24834196 0.25603117 0.26354075 0.27085365 0.27795858 0.28484879 0.29152107 0.29797496 0.30421211 0.31023574 0.31605029 0.32166105 0.32707391 0.33229518
0.43398977 0.43556909 0.43711077 0.43860908 0.44005304 0.44141701 0.4426499 0.4436636 0.44432197 0.44443179 0.44373771 0.44192383 0.43862456 0.43344777 0.42601196 0.41599723 0.40320585 0.38762334 0.36946634 0.34920155 0.32752392 0.30529163 0.28342857 0.26281554 0.24419509 0.22810849 0.21487266 0.20459269 0.19719856 0.19249287 0.1901985 0.18999946 0.191572 0.19460582 0.19881682 0.20395345 0.20979858 0.21616841 0.22290994 0.22989744 0.23702889 0.2442224 0.25141297 0.25854964 0.26559299 0.27251301 0.27928732 0.28589974 0.29233903 0.29859789 0.30467219 0.31056024 0.3162623 0.32178014 0.32711664 0.33227557 0.33726133
0.44101903 0.44265603 0.44434094 0.44608121 0.44787812 0.44971697 0.45155559 0.45331201 0.45485255 0.45598197 0.45643806 0.45589334 0.45396674 0.45024818 0.44433719 0.43589464 0.42470251 0.41072218 0.39413791 0.37537184 0.3550609 0.3339956 0.31303145 0.29299196 0.27458415 0.25834178 0.24460228 0.23351406 0.22506498 0.21912128 0.21546799 0.21384475 0.21397418 0.21558229 0.21841173 0.22222934 0.22682945 0.23203441 0.23769327 0.24367952 0.24988838 0.25623396 0.26264656 0.26907014 0.27546014 0.28178153 0.28800715 0.29411628 0.3000935 0.30592768 0.31161115 0.31713906 0.32250877 0.32771944 0.33277162 0.33766697 0.34240799
0.4478437 0.44947302 0.4512235 0.45311476 0.45515955 0.45735347 0.45966284 0.46201157 0.46426839 0.46623637 0.46764737 0.46816427 0.46739406 0.46491424 0.46031319 0.45324243 0.44347483 0.43095882 0.41585608 0.39855135 0.3796275 0.35980787 0.33987666 0.32059385 0.30262182 0.28647537 0.27249989 0.26087471 0.25163453 0.24470056 0.23991392 0.23706641 0.23592583 0.236255 0.23782502 0.24042345 0.24385882 0.24796231 0.25258767 0.25760999 0.26292383 0.26844115 0.27408904 0.27980773 0.28554859 0.29127244 0.29694802 0.30255071 0.30806134 0.31346532 0.31875177 0.32391286 0.32894327 0.33383968 0.33860042 0.34322513 0.34771446
0.45439378 0.45594213 0.45767013 0.45960817 0.46177928 0.46418847 0.46680999 0.46957349 0.4723505 0.47494355 0.47708071 0.47841877 0.47855811 0.47707111 0.47354412 0.46762976 0.45910245 0.44790731 0.43419117 0.41830655 0.40078494 0.38228281 0.36351101 0.34516147 0.32784458 0.31204645 0.29810892 0.28623016 0.27648041 0.26882627 0.26315776 0.25931414 0.25710594 0.25633229 0.25679353 0.25829976 0.26067594 0.26376462 0.26742677 0.27154148 0.27600487 0.28072866 0.28563848 0.29067225 0.29577851 0.30091498 0.30604718 0.31114726 0.31619293 0.32116659 0.32605453 0.33084629 0.3355341 0.3401124 0.34457742 0.34892693 0.35315985
0.46063158 0.46202134 0.46363282 0.46550543 0.46767103 0.47014298 0.47290294 0.47588644 0.47896888 0.48195442 0.48457099 0.48647461 0.48726606 0.48652125 0.48383425 0.47886853 0.47140884 0.46140382 0.4489899 0.43448982 0.41838462 0.40126389 0.3837641 0.36650642 0.35004448 0.33482833 0.32118686 0.30932657 0.29934274 0.2912379 0.28494338 0.28034043 0.27727896 0.27559284 0.27511161 0.27566886 0.27710771 0.27928409 0.28206842 0.28534596 0.28901649 0.2929934 0.29720258 0.30158112 0.30607607 0.31064312 0.31524554 0.31985303 0.32444084 0.32898892 0.3334812 0.33790495 0.34225028 0.3465096 0.35067733 0.35474947 0.35872339
0.46655366 0.46770755 0.46910801 0.4708016 0.47282743 0.47520615 0.47792642 0.48093023 0.48409863 0.48724073 0.49008932 0.49230635 0.49350128 0.49326276 0.49120174 0.48700061 0.4804603 0.47153632 0.46035579 0.4472115 0.43253367 0.41684505 0.40070786 0.38467204 0.36923217 0.35479771 0.34167774 0.33007865 0.32011167 0.31180669 0.30512886 0.29999562 0.29629222 0.29388495 0.2926316 0.29238939 0.29302054 0.29439583 0.29639683 0.29891683 0.30186106 0.30514633 0.30870037 0.31246093 0.31637476 0.32039672 0.32448871 0.32861886 0.33276063 0.33689213 0.34099541 0.34505591 0.34906194 0.35300422 0.35687554 0.36067039 0.36438471
0.47218989 0.47303599 0.47413659 0.47554348 0.47730153 0.47943762 0.48194732 0.48478004 0.48782496 0.49090028 0.49374953 0.49604817 0.49742288 0.49748377 0.4958663 0.49227726 0.48653649 0.47860637 0.4686031 0.45678769 0.44353872 0.42931267 0.41459921 0.39987854 0.38558637 0.37208957 0.35967307 0.34853688 0.33880087 0.33051471 0.32367048 0.31821604 0.31406758 0.31112083 0.30926016 0.30836583 0.30831929 0.30900701 0.31032285 0.31216949 0.31445909 0.31711332 0.32006316 0.32324825 0.3266163 0.3301223 0.33372777 0.33740003 0.34111148 0.34483897 0.34856318 0.35226816 0.35594079 0.35957041 0.36314843 0.36666807 0.37012402
0.47759978 0.47807648 0.47879994 0.47982548 0.48120228 0.48296273 0.48510936 0.48760035 0.49033583 0.49314761 0.49579616 0.49797783 0.49934445 0.49953476 0.49821417 0.49511657 0.49008051 0.48307293 0.474196 0.46367659 0.45184119 0.43908172 0.42581839 0.41246495 0.3994004 0.38694913 0.3753697 0.36485144 0.35551715 0.34743002 0.34060287 0.33500846 0.33058948 0.32726771 0.32495185 0.3235439 0.32294415 0.32305483 0.3237827 0.32504072 0.326749 0.32883521 0.33123467 0.33389004 0.33675096 0.33977352 0.34291968 0.3461567 0.34945658 0.35279548 0.35615325 0.35951292 0.36286036 0.36618381 0.36947362 0.37272192 0.37592239
0.48286667 0.48292687 0.48321261 0.48378119 0.48468499 0.48596132 0.48761997 0.48962937 0.49190339 0.49429184 0.49657775 0.49848478 0.49969618 0.49988447 0.49874791 0.49604772 0.49163902 0.48548977 0.47768474 0.46841487 0.45795517 0.44663595 0.43481233 0.42283624 0.41103354 0.39968777 0.3890305 0.37923773 0.37043096 0.36268174 0.35601832 0.35043332 0.34589152 0.34233725 0.3397009 0.33790446 0.33686602 0.33650317 0.33673563 0.33748702 0.33868604 0.34026712 0.34217075 0.34434345 0.34673763 0.34931125 0.35202745 0.3548541 0.35776337 0.36073129 0.3637373 0.36676389 0.36979623 0.3728218 0.37583014 0.37881254 0.38176183
0.4880902 0.48770448 0.48751228 0.48757174 0.48793753 0.48865154 0.48973117 0.49115639 0.49285733 0.4947053 0.49651034 0.49802816 0.4989776 0.4990677 0.49803023 0.49565223 0.49180225 0.48644574 0.47964746 0.47156188 0.46241445 0.45247799 0.44204795 0.43141985 0.42087083 0.41064622 0.40095113 0.39194676 0.38375026 0.3764375 0.37004763 0.36458861 0.36004322 0.35637481 0.35353266 0.35145666 0.35008125 0.34933855 0.34916083 0.34948235 0.35024064 0.3513773 0.35283853 0.35457532 0.35654347 0.35870342 0.36102009 0.36346252 0.36600358 0.36861962 0.37129011 0.37399737 0.37672619 0.3794636 0.38219858 0.3849218 0.38762547
