dados_process/media_preci.asc
NCOLS 125
NROWS 83
XLLCORNER -41370.2
YLLCORNER 94214.4
CELLSIZE 250
NODATA_VALUE -9999
[rows 25 to 49 of 83, columns 0 to 54 of 125]
0.082189402 0.082268961 0.082355001 0.082447882 0.082547986 0.082655723 0.082771531 0.082895882 0.08302928 0.083172271 0.083325445 0.08348944 0.083664949 0.08385273 0.084053607 0.084268486 0.084498362 0.084744331 0.085007606 0.085289532 0.085591602 0.085915486 0.086263047 0.086636376 0.087037824 0.08747004 0.087936018 0.088439147 0.08898327 0.089572757 0.09021258 0.090908409 0.09166671 0.092494866 0.09340131 0.09439567 0.095488936 0.096693637 0.098024036 0.099496338 0.1011289 0.10294245 0.1049603 0.10720855 0.10971625 0.11251552 0.11564162 0.11913291 0.12303062 0.12737852 0.13222224 0.13760828 0.14358252 0.1501881 0.15746255
0.081579158 0.081644975 0.081716874 0.0817952 0.081880319 0.081972626 0.082072544 0.082180524 0.082297055 0.082422663 0.082557919 0.082703442 0.082859905 0.083028042 0.083208659 0.083402639 0.083610955 0.083834681 0.084075008 0.084333258 0.084610904 0.084909593 0.085231167 0.085577696 0.08595151 0.086355235 0.086791843 0.087264695 0.087777606 0.08833491 0.088941534 0.08960309 0.090325971 0.091117463 0.091985871 0.092940662 0.093992616 0.095153999 0.096438745 0.097862655 0.099443597 0.10120172 0.10315967 0.10534278 0.10777923 0.11050022 0.11354002 0.11693596 0.12072825 0.12495969 0.12967501 0.13491996 0.14073984 0.14717744 0.15427019
0.08095774 0.081009113 0.081066115 0.081129072 0.081198331 0.081274265 0.081357271 0.081447778 0.081546247 0.081653178 0.08176911 0.081894629 0.082030377 0.082177052 0.08233542 0.082506324 0.082690694 0.082889559 0.083104061 0.083335471 0.083585208 0.083854859 0.084146207 0.084461255 0.084802262 0.085171779 0.085572695 0.086008282 0.086482256 0.08699884 0.087562837 0.088179719 0.088855716 0.089597928 0.090414442 0.091314468 0.092308489 0.093408419 0.094627781 0.095981896 0.09748808 0.099165848 0.10103712 0.10312641 0.10546101 0.10807113 0.11098999 0.11425379 0.1179016 0.12197503 0.12651765 0.13157408 0.13718857 0.14340296 0.1502539
0.080325845 0.080362112 0.080403509 0.080450336 0.080502916 0.080561592 0.080626734 0.080698738 0.080778031 0.080865076 0.080960372 0.081064463 0.081177944 0.081301463 0.081435732 0.081581538 0.081739746 0.081911319 0.082097325 0.082298956 0.082517548 0.082754594 0.083011779 0.083290998 0.083594395 0.083924393 0.084283745 0.084675572 0.085103426 0.08557135 0.086083951 0.086646477 0.087264917 0.087946095 0.088697794 0.089528881 0.090449448 0.091470973 0.092606486 0.093870749 0.095280452 0.096854407 0.098613749 0.10058212 0.10278587 0.10525416 0.10801906 0.11111557 0.11458147 0.11845703 0.12278441 0.12760682 0.13296706 0.13890559 0.14545777
0.079684221 0.07970477 0.079729903 0.079759895 0.079795037 0.079835641 0.07988204 0.079934593 0.079993685 0.080059734 0.080133191 0.080214548 0.08030434 0.080403154 0.080511636 0.080630495 0.080760519 0.080902581 0.081057656 0.081226832 0.08141133 0.081612523 0.081831959 0.08207139 0.0823328 0.082618442 0.082930877 0.083273023 0.083648207 0.084060229 0.084513425 0.085012753 0.085563877 0.08617327 0.086848323 0.087597476 0.088430348 0.089357894 0.090392567 0.091548494 0.092841662 0.09429011 0.095914122 0.097736415 0.099782307 0.10207985 0.10465994 0.10755625 0.11080519 0.11444553 0.11851789 0.12306381 0.12812444 0.13373856 0.13993992
0.079033659 0.079037928 0.079046198 0.079058711 0.079075726 0.079097515 0.079124374 0.079156616 0.07919458 0.079238632 0.079289166 0.079346612 0.079411439 0.079484159 0.079565339 0.079655599 0.079755631 0.079866204 0.079988175 0.080122508 0.080270286 0.080432731 0.080611227 0.080807345 0.081022872 0.081259847 0.081520597 0.081807785 0.082124459 0.082474113 0.082860754 0.083288977 0.083764055 0.08429203 0.084879829 0.08553538 0.08626775 0.087087291 0.0880058 0.08903669 0.090195172 0.091498441 0.092965867 0.094619173 0.096482602 0.098583047 0.10095013 0.1036162 0.10661618 0.10998729 0.1137685 0.11799962 0.12271999 0.1279666 0.13377151
0.07837499 0.078362473 0.078353339 0.078347797 0.078346065 0.078348378 0.078354985 0.078366153 0.078382167 0.078403335 0.078429989 0.07846249 0.078501231 0.078546641 0.078599194 0.078659413 0.078727879 0.078805239 0.07889222 0.078989639 0.079098419 0.079219608 0.079354398 0.07950415 0.079670421 0.079854996 0.08005993 0.080287583 0.080540676 0.080822348 0.081136216 0.081486453 0.081877872 0.082316021 0.082807288 0.083359019 0.083979652 0.084678863 0.085467716 0.08635884 0.087366599 0.088507282 0.089799284 0.091263282 0.092922399 0.094802326 0.096931397 0.099340574 0.10206332 0.10513528 0.10859377 0.11247685 0.11682211 0.12166481 0.12703538
0.07770908 0.077679328 0.077652313 0.077628205 0.077607185 0.077589442 0.077575178 0.077564608 0.077557961 0.077555481 0.077557434 0.077564103 0.077575801 0.077592865 0.07761567 0.077644628 0.077680199 0.077722898 0.077773304 0.077832072 0.077899948 0.077977784 0.078066558 0.078167393 0.078281589 0.078410647 0.078556309 0.078720599 0.078905867 0.079114846 0.079350717 0.079617177 0.079918522 0.080259743 0.080646625 0.081085868 0.081585215 0.082153595 0.082801277 0.083540038 0.084383338 0.085346501 0.086446902 0.087704133 0.089140168 0.090779483 0.092649124 0.094778693 0.097200215 0.099947832 0.10305727 0.10656501 0.110507 0.11491699 0.11982408
0.07703682 0.076989445 0.076944136 0.076901025 0.076860251 0.076821958 0.076786299 0.076753432 0.076723526 0.076696762 0.07667333 0.076653437 0.076637305 0.076625177 0.07661732 0.076614029 0.076615634 0.076622506 0.076635067 0.076653797 0.07667925 0.076712065 0.076752986 0.07680288 0.076862763 0.076933827 0.077017473 0.077115353 0.077229411 0.077361937 0.077515629 0.077693663 0.07789977 0.07813833 0.078414471 0.07873419 0.079104474 0.079533451 0.080030534 0.080606598 0.081274147 0.082047503 0.082942981 0.083979075 0.085176603 0.08655884 0.088151583 0.089983136 0.092084185 0.094487497 0.097227401 0.10033898 0.10385687 0.10781362 0.11223743
0.076359124 0.076293796 0.076229847 0.076167369 0.076106457 0.076047208 0.075989724 0.075934106 0.075880462 0.075828904 0.075779548 0.075732518 0.075687944 0.07564597 0.075606752 0.07557046 0.07553729 0.075507462 0.075481232 0.075458895 0.075440802 0.075427368 0.075419088 0.075416555 0.075420485 0.075431738 0.075451352 0.075480579 0.075520928 0.075574215 0.075642621 0.07572876 0.075835757 0.075967336 0.076127925 0.076322767 0.076558049 0.076841047 0.077180276 0.077585664 0.078068725 0.07864275 0.079322988 0.080126826 0.081073954 0.082186491 0.08348906 0.085008782 0.086775155 0.08881977 0.091175816 0.093877299 0.096957909 0.10044945 0.10437974
0.075676919 0.075593371 0.075510503 0.075428366 0.075347011 0.075266488 0.075186846 0.075108131 0.075030387 0.074953656 0.074877979 0.074803395 0.074729944 0.074657665 0.0745866 0.074516795 0.074448306 0.074381198 0.074315555 0.074251483 0.074189123 0.074128655 0.074070317 0.074014419 0.073961359 0.073911652 0.073865956 0.073825104 0.073790146 0.073762399 0.073743499 0.073735469 0.073740794 0.073762511 0.073804308 0.073870638 0.07396685 0.074099331 0.074275665 0.074504806 0.074797258 0.07516527 0.075623027 0.076186838 0.076875311 0.077709486 0.078712928 0.079911729 0.081334406 0.083011635 0.084975786 0.087260177 0.089898005 0.092920854 0.096356744
0.074991139 0.074889166 0.074787166 0.07468515 0.074583127 0.0744811 0.074379065 0.074277011 0.07417492 0.074072766 0.073970513 0.073868117 0.073765526 0.073662674 0.073559492 0.073455898 0.073351808 0.073247131 0.073141778 0.073035664 0.072928713 0.07282087 0.07271211 0.072602449 0.072491966 0.072380819 0.072269272 0.072157727 0.072046763 0.071937177 0.071830042 0.071726767 0.071629175 0.071539588 0.071460928 0.071396832 0.071351783 0.071331256 0.071341882 0.071391625 0.071489973 0.071648142 0.071879275 0.07219865 0.072623863 0.073174985 0.073874667 0.074748168 0.075823274 0.077130056 0.078700436 0.080567488 0.082764416 0.085323148 0.088272496
0.074302724 0.074182178 0.074060898 0.073938856 0.073816019 0.073692342 0.073567772 0.073442241 0.073315671 0.073187969 0.073059024 0.072928712 0.072796886 0.072663384 0.072528021 0.072390594 0.072250878 0.07210863 0.071963587 0.071815473 0.071663999 0.071508874 0.071349808 0.071186525 0.071018777 0.070846364 0.070669152 0.070487106 0.070300321 0.070109069 0.069913845 0.069715432 0.069514976 0.069314067 0.069114844 0.06892011 0.068733466 0.068559462 0.068403765 0.068273349 0.068176694 0.068124 0.068127414 0.068201242 0.068362164 0.068629411 0.069024896 0.069573269 0.070301863 0.071240489 0.07242103 0.073876782 0.075641481 0.077747966 0.080226422
0.073612604 0.073473398 0.073332754 0.073190608 0.073046885 0.072901497 0.07275434 0.072605294 0.072454224 0.072300969 0.07214535 0.071987163 0.071826174 0.071662123 0.071494719 0.071323637 0.071148518 0.070968969 0.070784562 0.070594831 0.070399281 0.070197386 0.069988596 0.069772347 0.069548068 0.0693152 0.069073215 0.068821637 0.068560081 0.068288286 0.068006168 0.067713879 0.067411878 0.067101017 0.066782644 0.066458719 0.066131956 0.065805974 0.06548548 0.065176464 0.064886417 0.064624561 0.064402092 0.064232427 0.064131438 0.064117661 0.064212463 0.064440127 0.064827836 0.065405497 0.066205376 0.067261466 0.068608557 0.07028094 0.072310709
0.072921705 0.072763806 0.072603775 0.072441513 0.072276905 0.072109821 0.071940113 0.07176761 0.07159212 0.071413424 0.071231275 0.071045394 0.070855467 0.070661142 0.070462024 0.070257676 0.070047612 0.069831295 0.069608138 0.069377496 0.069138673 0.06889092 0.068633433 0.068365367 0.068085839 0.067793937 0.067488744 0.067169354 0.066834901 0.066484601 0.066117792 0.065733995 0.065332987 0.06491488 0.064480231 0.064030159 0.063566491 0.06309192 0.062610203 0.062126363 0.061646927 0.061180182 0.060736435 0.060328299 0.059970952 0.059682391 0.059483633 0.059398844 0.059455358 0.059683542 0.060116457 0.060789259 0.061738285 0.062999776 0.064608206
0.072230935 0.072054364 0.07187498 0.071692652 0.071507228 0.07131854 0.071126396 0.07093058 0.07073085 0.070526931 0.070318514 0.070105253 0.069886756 0.069662589 0.069432262 0.069195234 0.068950899 0.068698589 0.068437566 0.068167019 0.067886064 0.067593735 0.067288994 0.066970725 0.066637743 0.0662888 0.065922602 0.065537822 0.065133131 0.064707227 0.064258883 0.063786999 0.063290676 0.062769296 0.062222632 0.061650969 0.061055255 0.060437272 0.059799837 0.05914703 0.058484449 0.057819485 0.057161624 0.056522757 0.055917486 0.055363419 0.054881417 0.054495768 0.05423425 0.054128034 0.054211373 0.054521015 0.055095297 0.055972857 0.057190943
0.071541182 0.071346009 0.071147361 0.070945075 0.070738967 0.070528833 0.070314445 0.070095544 0.069871842 0.069643015 0.0694087 0.069168488 0.068921921 0.068668489 0.06840762 0.068138674 0.067860942 0.067573633 0.067275876 0.066966705 0.066645061 0.066309784 0.065959612 0.065593178 0.065209013 0.064805551 0.064381138 0.063934047 0.063462501 0.0629647 0.062438867 0.061883299 0.061296435 0.060676941 0.06002382 0.059336536 0.058615174 0.057860617 0.057074765 0.056260778 0.055423353 0.054569034 0.053706541 0.052847123 0.052004913 0.051197267 0.050445065 0.049772939 0.049209379 0.048786673 0.048540622 0.048509959 0.048735422 0.049258428 0.050119326
0.070853312 0.070639654 0.070421878 0.070199795 0.069973193 0.069741835 0.06950546 0.069263773 0.069016448 0.068763116 0.068503367 0.068236741 0.06796272 0.06768073 0.067390124 0.067090183 0.066780102 0.066458987 0.066125844 0.065779573 0.065418959 0.065042666 0.064649227 0.064237049 0.0638044 0.063349419 0.062870117 0.062364389 0.061830034 0.061264779 0.06066632 0.060032372 0.059360734 0.058649377 0.057896552 0.057100923 0.056261726 0.055378965 0.054453642 0.05348802 0.052485924 0.051453085 0.050397507 0.049329865 0.048263907 0.047216853 0.046209752 0.045267764 0.044420321 0.043701102 0.043147766 0.042801369 0.042705396 0.042904371 0.043442011
0.070168161 0.069936176 0.069699455 0.069457784 0.069210927 0.068958621 0.068700577 0.068436469 0.068165938 0.06788858 0.067603946 0.067311531 0.067010773 0.06670104 0.066381628 0.066051748 0.065710518 0.065356955 0.064989964 0.064608328 0.064210698 0.063795584 0.063361342 0.062906174 0.062428116 0.061925037 0.061394643 0.060834481 0.060241955 0.059614349 0.058948861 0.05824265 0.057492905 0.056696927 0.055852239 0.054956723 0.05400879 0.053007584 0.051953225 0.050847097 0.049692176 0.048493405 0.047258105 0.045996419 0.044721775 0.043451338 0.042206436 0.041012902 0.039901289 0.038906886 0.038069465 0.037432687 0.037043081 0.036948552 0.037196405
0.069486537 0.06923642 0.068980975 0.068719967 0.06845314 0.06818021 0.067900863 0.067614753 0.067321492 0.067020651 0.066711748 0.066394248 0.066067549 0.065730982 0.065383793 0.065025141 0.064654084 0.06426957 0.063870422 0.06345533 0.063022833 0.062571314 0.062098981 0.06160386 0.061083783 0.060536386 0.059959102 0.059349164 0.058703619 0.058019339 0.057293061 0.056521425 0.055701038 0.05482856 0.053900817 0.052914933 0.051868516 0.050759866 0.049588237 0.048354146 0.047059731 0.045709156 0.044309073 0.042869113 0.041402408 0.039926115 0.038461904 0.037036369 0.035681308 0.034433774 0.033335852 0.03243403 0.031778121 0.031419653 0.031409721
0.068809213 0.068541192 0.068267277 0.067987219 0.067700744 0.067407552 0.067107314 0.066799664 0.066484198 0.066160465 0.065827965 0.065486139 0.065134363 0.064771936 0.064398076 0.064011905 0.063612439 0.063198576 0.062769081 0.062322573 0.061857511 0.061372175 0.060864657 0.06033284 0.059774392 0.059186747 0.058567106 0.057912428 0.057219441 0.056484652 0.055704371 0.054874759 0.053991882 0.053051794 0.05205065 0.050984849 0.049851215 0.048647221 0.047371266 0.046023005 0.044603734 0.043116834 0.041568276 0.039967167 0.038326335 0.036662924 0.034998955 0.033361816 0.031784602 0.030306225 0.028971204 0.027829023 0.026932979 0.026338433 0.026100467
0.068136928 0.067851259 0.067559158 0.067260365 0.066954594 0.066641536 0.066320848 0.065992155 0.065655042 0.065309047 0.064953661 0.064588311 0.064212362 0.063825101 0.063425728 0.063013347 0.062586952 0.062145413 0.061687461 0.06121167 0.060716446 0.060200003 0.059660345 0.059095254 0.058502266 0.057878661 0.057221448 0.056527358 0.055792846 0.055014096 0.054187045 0.053307414 0.052370772 0.051372607 0.050308441 0.049173974 0.04796527 0.046678991 0.045312687 0.043865148 0.042336811 0.040730251 0.039050722 0.037306763 0.035510849 0.033680056 0.031836709 0.030008952 0.02823116 0.02654412 0.024994842 0.023635914 0.022524267 0.021719293 0.021280275
0.067470388 0.067167347 0.066857367 0.066540177 0.066215487 0.065882979 0.065542307 0.065193091 0.064834913 0.06446731 0.064089771 0.063701724 0.063302533 0.062891486 0.062467785 0.062030532 0.06157872 0.061111214 0.060626734 0.060123841 0.059600915 0.059056138 0.058487466 0.057892616 0.057269038 0.0566139 0.055924068 0.055196096 0.054426215 0.053610341 0.052744085 0.051822786 0.050841558 0.049795371 0.048679154 0.047487941 0.046217061 0.044862379 0.0434206 0.041889635 0.040269041 0.03856054 0.036768612 0.03490115 0.032970185 0.030992623 0.028990982 0.026994053 0.025037401 0.02316362 0.021422194 0.019868854 0.018564279 0.017572074 0.016955966
0.066810259 0.066490143 0.066162607 0.065827377 0.065484158 0.065132634 0.064772457 0.064403251 0.064024601 0.063636053 0.063237102 0.062827189 0.062405692 0.061971912 0.061525068 0.061064282 0.060588565 0.060096797 0.05958772 0.059059905 0.058511744 0.057941417 0.057346874 0.056725808 0.05607563 0.055393445 0.054676028 0.053919808 0.053120854 0.052274868 0.051377195 0.050422847 0.049406543 0.048322783 0.047165948 0.045930444 0.044610895 0.043202384 0.041700772 0.040103075 0.038407936 0.036616168 0.034731393 0.032760756 0.03071571 0.028612841 0.026474688 0.024330511 0.022216891 0.020178079 0.018265932 0.01653929 0.015062645 0.013903984 0.013131751
0.066157174 0.065820294 0.065475538 0.065122633 0.064761288 0.064391186 0.064011989 0.063623328 0.0632248 0.062815965 0.062396338 0.061965381 0.061522496 0.061067016 0.060598192 0.060115182 0.059617035 0.059102677 0.05857089 0.05802029 0.057449311 0.056856171 0.056238852 0.055595071 0.054922246 0.054217471 0.05347749 0.052698666 0.051876965 0.051007942 0.05008674 0.049108109 0.048066435 0.046955806 0.04577011 0.04450317 0.043148937 0.041701733 0.040156576 0.038509575 0.036758414 0.034902932 0.032945797 0.030893276 0.028756082 0.026550281 0.02429821 0.022029346 0.019781035 0.017598945 0.015537108 0.013657361 0.012028008 0.010721561 0.0098114819
