dados_process/media_vento.asc
NCOLS 125
NROWS 83
XLLCORNER -41370.2
YLLCORNER 94214.4
CELLSIZE 250
NODATA_VALUE -9999
[rows 0 to 24 of 83, columns 0 to 56 of 125]
0.5006905 0.49867988 0.4966094 0.4944773 0.49228177 0.49002099 0.48769311 0.48529627 0.48282859 0.48028822 0.47767331 0.47498204 0.47221266 0.46936348 0.46643292 0.46341954 0.46032209 0.45713952 0.45387108 0.45051636 0.44707539 0.44354871 0.43993749 0.43624365 0.43247003 0.42862051 0.42470026 0.42071591 0.41667583 0.41259041 0.40847232 0.40433689 0.40020239 0.39609041 0.39202614 0.38803866 0.38416105 0.38043045 0.37688781 0.37357734 0.37054557 0.36783983 0.36550619 0.36358662 0.3621156 0.361116 0.36059482 0.36053882 0.36091085 0.36164732 0.36265755 0.36382521 0.36501223 0.36606474 0.36682038 0.36711613 0.36679549
0.5024767 0.50047798 0.49841878 0.49629725 0.4941115 0.49185964 0.48953971 0.48714974 0.48468776 0.48215177 0.47953979 0.47684986 0.47408005 0.47122849 0.46829341 0.46527315 0.46216622 0.45897132 0.45568742 0.45231382 0.44885022 0.44529682 0.44165441 0.43792454 0.43410962 0.43021313 0.4262398 0.42219585 0.41808922 0.41392993 0.40973031 0.40550545 0.40127347 0.39705599 0.39287845 0.38877041 0.38476583 0.38090313 0.37722506 0.3737782 0.37061212 0.36777787 0.36532589 0.36330313 0.36174938 0.36069299 0.36014612 0.36009993 0.36052041 0.36134542 0.36248367 0.36381612 0.36520004 0.36647541 0.36747285 0.36802216 0.3679601
0.50433376 0.5023498 0.50030487 0.49819707 0.49602444 0.49378501 0.49147674 0.48909757 0.48664543 0.48411822 0.48151382 0.47883014 0.47606512 0.47321672 0.470283 0.4672621 0.46415232 0.46095214 0.45766027 0.45427575 0.45079797 0.44722682 0.44356276 0.43980698 0.43596152 0.43202944 0.42801509 0.42392425 0.41976448 0.4155454 0.411279 0.40698005 0.40266651 0.3983599 0.39408576 0.389874 0.3857592 0.38178077 0.3779829 0.37441413 0.37112659 0.36817449 0.3656121 0.36349075 0.36185506 0.36073842 0.36015787 0.36010898 0.36056113 0.36145419 0.36269717 0.36416957 0.3657255 0.36720051 0.36842007 0.36920865 0.36939805
0.50626213 0.50429584 0.50226825 0.50017742 0.49802133 0.49579794 0.49350515 0.49114084 0.48870283 0.48618893 0.48359693 0.48092464 0.47816985 0.4753304 0.4724042 0.46938922 0.46628359 0.46308558 0.4597937 0.45640674 0.45292384 0.44934462 0.44566925 0.44189858 0.43803433 0.43407921 0.43003719 0.42591369 0.42171589 0.41745304 0.41313679 0.40878163 0.40440526 0.40002909 0.39567864 0.39138402 0.38718021 0.38310735 0.37921068 0.37554029 0.37215026 0.36909739 0.36643902 0.36423011 0.36251936 0.36134448 0.3607269 0.36066622 0.36113525 0.3620763 0.36339957 0.3649844 0.36668351 0.36833004 0.36974653 0.37075442 0.37118276
0.50826207 0.50631641 0.50430929 0.50223872 0.50010266 0.49789901 0.49562562 0.49328029 0.49086081 0.4883649 0.48579027 0.48313464 0.48039571 0.47757121 0.47465892 0.4716567 0.46856251 0.46537447 0.46209092 0.45871045 0.455232 0.45165496 0.44797925 0.44420547 0.44033504 0.4363704 0.4323152 0.42817454 0.42395529 0.41966637 0.41531913 0.41092778 0.4065098 0.40208643 0.39768314 0.39333009 0.38906249 0.38492094 0.38095141 0.37720499 0.37373722 0.37060671 0.36787306 0.36559396 0.36382119 0.36259587 0.36194294 0.36186552 0.36233959 0.36331013 0.36468935 0.36635777 0.36816861 0.36995492 0.37153883 0.37274136 0.37339135
0.51033366 0.50841162 0.50642813 0.50438118 0.50226868 0.50008851 0.49783848 0.49551636 0.49311988 0.49064671 0.48809453 0.48546096 0.48274365 0.47994024 0.47704844 0.47406599 0.47099077 0.46782076 0.46455418 0.46118947 0.45772543 0.45416126 0.4504967 0.44673216 0.44286885 0.43890898 0.43485596 0.43071465 0.42649167 0.42219569 0.41783783 0.41343205 0.40899566 0.40454971 0.40011959 0.39573542 0.39143251 0.38725165 0.3832392 0.37944683 0.37593087 0.372751 0.36996821 0.36764184 0.36582565 0.36456303 0.36388141 0.36378658 0.36425728 0.36524124 0.36665331 0.36837658 0.37026668 0.37215901 0.37387807 0.37524729 0.37609803
0.51247677 0.51058137 0.5086247 0.50660472 0.50451935 0.50236643 0.50014377 0.49784912 0.49548016 0.49303456 0.49050994 0.4879039 0.48521405 0.48243798 0.47957334 0.47661783 0.47356923 0.47042549 0.46718471 0.46384526 0.46040583 0.45686552 0.45322396 0.44948141 0.44563896 0.44169866 0.43766377 0.43353901 0.42933082 0.4250477 0.42070061 0.41630336 0.41187308 0.40743072 0.40300153 0.39861554 0.39430803 0.39011978 0.38609718 0.38229204 0.37876087 0.37556366 0.37276182 0.37041525 0.36857852 0.36729601 0.3665965 0.36648746 0.36694981 0.36793394 0.36935794 0.37110869 0.37304615 0.37501056 0.37683154 0.37833787 0.37936626
0.5146911 0.51282535 0.51089867 0.50890904 0.50685436 0.50473248 0.50254121 0.50027828 0.49794138 0.49552817 0.49303627 0.49046326 0.48780673 0.48506428 0.48223353 0.47931215 0.47629792 0.47318874 0.46998268 0.46667809 0.46327361 0.45976829 0.45616171 0.45245409 0.44864645 0.44474078 0.44074028 0.43664959 0.43247508 0.42822518 0.42391075 0.41954553 0.41514656 0.41073467 0.40633501 0.40197746 0.39769713 0.39353458 0.38953595 0.3857527 0.38224098 0.37906029 0.37627153 0.37393411 0.37210212 0.37081974 0.37011586 0.36999866 0.37045054 0.37142441 0.37284204 0.37459528 0.3765502 0.37855418 0.38044467 0.38205864 0.38324092
0.51697615 0.51514304 0.51324953 0.51129359 0.50927315 0.50718607 0.50503017 0.5028032 0.50050288 0.49812686 0.4956728 0.49313829 0.49052094 0.48781836 0.48502819 0.48214812 0.47917596 0.47610961 0.47294717 0.46968701 0.46632778 0.46286855 0.45930893 0.45564915 0.45189025 0.44803425 0.44408435 0.44004522 0.43592324 0.43172685 0.42746692 0.42315716 0.41881458 0.41445993 0.41011823 0.40581918 0.40159758 0.39749359 0.39355278 0.38982585 0.38636797 0.38323745 0.38049379 0.37819486 0.37639318 0.37513148 0.37443769 0.37431973 0.37476086 0.37571633 0.37711201 0.37884565 0.38079108 0.38280487 0.38473476 0.38642846 0.38774152
0.5193312 0.51753371 0.51567649 0.51375755 0.51177485 0.50972629 0.50760971 0.50542289 0.5031636 0.50082952 0.49841835 0.49592773 0.49335532 0.49069877 0.48795578 0.48512411 0.4822016 0.47918623 0.47607617 0.47286985 0.46956601 0.4661638 0.46266289 0.45906362 0.45536712 0.4515755 0.44769207 0.44372158 0.43967052 0.4355474 0.43136316 0.42713157 0.42286961 0.41859799 0.41434157 0.41012979 0.40599703 0.40198281 0.39813182 0.39449359 0.39112178 0.38807282 0.38540401 0.38317074 0.38142296 0.38020096 0.37953071 0.37941909 0.37984974 0.38078011 0.38214049 0.38383542 0.38574777 0.3877451 0.38968744 0.39143546 0.3928576
0.52175538 0.51999641 0.51817856 0.51629988 0.51435837 0.51235196 0.51027856 0.508136 0.50592209 0.5036346 0.50127126 0.49882981 0.49630796 0.49370346 0.4910141 0.4882377 0.48537223 0.48241577 0.4793666 0.47622327 0.47298463 0.46965 0.46621918 0.46269265 0.4590717 0.4553586 0.45155684 0.44767132 0.44370869 0.4396776 0.43558911 0.43145706 0.42729844 0.42313388 0.41898806 0.41489003 0.41087359 0.40697742 0.40324502 0.39972433 0.39646697 0.39352692 0.39095854 0.38881399 0.38713981 0.38597307 0.38533704 0.385237 0.38565663 0.38655557 0.38786883 0.38950843 0.39136734 0.39332541 0.39525656 0.39703611 0.39854714
0.52424762 0.52253001 0.52075454 0.51891928 0.51702231 0.51506161 0.51303515 0.51094083 0.50877654 0.50654013 0.50422942 0.50184223 0.4993764 0.49682976 0.49420022 0.49148574 0.48868442 0.48579447 0.48281435 0.47974275 0.47657871 0.47332172 0.46997178 0.46652958 0.46299661 0.45937537 0.45566954 0.45188425 0.44802634 0.44410464 0.44013035 0.43611736 0.43208269 0.42804683 0.42403415 0.42007323 0.4161971 0.41244334 0.40885392 0.40547483 0.4023552 0.399546 0.39709809 0.39505976 0.39347357 0.39237278 0.39177753 0.39169119 0.39209732 0.39295781 0.39421272 0.39578208 0.39756967 0.39946854 0.40136754 0.40315778 0.40473828
0.52680665 0.52513318 0.523403 0.52161425 0.51976506 0.5178535 0.5158776 0.51383537 0.51172478 0.50954377 0.50729029 0.50496226 0.50255763 0.5000744 0.4975106 0.49486436 0.49213393 0.48931771 0.48641434 0.48342272 0.4803421 0.47717218 0.47391322 0.47056613 0.46713267 0.46361557 0.46001877 0.45634763 0.45260921 0.44881253 0.44496889 0.44109226 0.43719957 0.43331111 0.42945084 0.42564668 0.42193068 0.41833905 0.41491194 0.411693 0.40872847 0.40606585 0.40375208 0.40183115 0.40034122 0.39931147 0.39875868 0.39868422 0.39907159 0.39988511 0.40107015 0.40255506 0.40425487 0.4060763 0.40792365 0.40970444 0.4113343
0.52943107 0.52780441 0.52612232 0.52438304 0.52258475 0.52072562 0.51880377 0.5168173 0.51476429 0.51264281 0.51045092 0.50818668 0.50584819 0.5034336 0.50094112 0.49836904 0.49571582 0.49298006 0.49016062 0.48725662 0.48426757 0.48119342 0.47803468 0.47479255 0.47146904 0.46806716 0.46459112 0.46104652 0.45744061 0.45378258 0.45008382 0.44635828 0.44262274 0.43889715 0.43520492 0.43157311 0.42803256 0.42461784 0.42136697 0.41832092 0.4155227 0.413016 0.41084351 0.40904467 0.40765308 0.4066937 0.40618002 0.40611149 0.40647173 0.4072277 0.40833027 0.4097163 0.41131213 0.41303823 0.41481434 0.41656453 0.41822115
0.53211929 0.53054201 0.52891071 0.52722372 0.52547931 0.52367573 0.52181123 0.51988401 0.51789226 0.51583418 0.51370799 0.51151189 0.50924414 0.50690307 0.50448708 0.50199466 0.49942448 0.49677537 0.49404643 0.49123703 0.48834695 0.48537641 0.4823262 0.47919779 0.4759935 0.47271659 0.46937154 0.46596415 0.46250188 0.458994 0.45545194 0.45188952 0.44832327 0.44477267 0.44126036 0.43781235 0.43445802 0.43123003 0.428164 0.42529794 0.4226713 0.42032378 0.4182936 0.41661554 0.41531864 0.41442376 0.41394121 0.4138688 0.41419052 0.41487616 0.41588219 0.41715391 0.41862881 0.42024073 0.4219245 0.42362022 0.42527672
0.5348696 0.53334414 0.53176619 0.53013417 0.52844645 0.5267014 0.52489734 0.52303263 0.52110558 0.51911453 0.51705784 0.51493391 0.51274115 0.51047809 0.50814332 0.50573557 0.50325372 0.50069686 0.49806432 0.49535577 0.49257123 0.48971122 0.48677682 0.48376979 0.48069269 0.47754909 0.47434365 0.4710824 0.4677729 0.46442446 0.46104845 0.45765847 0.45427064 0.45090377 0.44757961 0.44432285 0.44116119 0.43812514 0.43524764 0.4325635 0.43010846 0.42791803 0.42602592 0.42446228 0.42325168 0.42241109 0.42194796 0.42185875 0.42212804 0.4227286 0.42362247 0.42476315 0.42609874 0.4275758 0.4291434 0.43075687 0.43238068
0.53768015 0.53620881 0.53468664 0.53311212 0.53148374 0.52979996 0.52805925 0.52626007 0.5244009 0.52248022 0.52049654 0.51844845 0.51633455 0.51415356 0.51190429 0.50958569 0.50719689 0.50473722 0.50220629 0.49960403 0.49693074 0.49418723 0.49137485 0.48849564 0.48555242 0.48254897 0.47949017 0.47638217 0.47323258 0.47005069 0.46684767 0.46363678 0.46043357 0.45725605 0.45412483 0.45106312 0.44809669 0.44525368 0.44256416 0.44005956 0.43777177 0.43573207 0.43396967 0.43251022 0.43137404 0.43057451 0.43011653 0.42999547 0.43019674 0.43069612 0.43146099 0.43245259 0.43362892 0.43494824 0.43637272 0.43787167 0.43942397
0.54054896 0.53913394 0.5376698 0.53615514 0.53458854 0.53296861 0.53129391 0.52956306 0.52777467 0.52592738 0.5240199 0.52205095 0.52001937 0.51792406 0.51576406 0.51353856 0.51124692 0.50888874 0.50646388 0.50397254 0.50141531 0.49879327 0.49610802 0.49336186 0.49055786 0.48769997 0.48479321 0.4818438 0.47885934 0.47584898 0.47282359 0.46979595 0.46678091 0.46379549 0.46085898 0.45799292 0.45522097 0.45256871 0.4500632 0.44773236 0.4456042 0.44370577 0.44206191 0.44069395 0.43961824 0.43884486 0.43837646 0.4382076 0.43832462 0.43870618 0.43932469 0.44014844 0.44114434 0.44228116 0.44353271 0.44488074 0.44631695
0.54347397 0.54211729 0.54071329 0.53926067 0.53775814 0.53620439 0.53459814 0.53293814 0.53122315 0.52945199 0.52762351 0.52573664 0.52379041 0.52178393 0.51971647 0.51758744 0.51539645 0.51314335 0.51082827 0.50845167 0.5060144 0.50351779 0.50096369 0.49835463 0.49569386 0.49298549 0.49023461 0.48744746 0.48463151 0.48179569 0.47895045 0.47610799 0.47328228 0.47048922 0.46774662 0.46507417 0.4624933 0.46002689 0.45769887 0.45553365 0.45355535 0.45178688 0.45024888 0.44895859 0.44792867 0.44716621 0.44667189 0.44643961 0.44645663 0.44670429 0.4471595 0.44779676 0.44859077 0.44951937 0.45056639 0.45172422 0.45299552
0.54645303 0.54515658 0.54381466 0.54242609 0.54098967 0.53950424 0.53796864 0.53638175 0.53474249 0.53304984 0.53130284 0.52950059 0.52764231 0.52572734 0.52375515 0.5217254 0.51963792 0.51749283 0.51529048 0.51303159 0.51071727 0.50834906 0.50592906 0.50345997 0.50094519 0.49838892 0.49579629 0.49317345 0.49052771 0.48786764 0.48520321 0.48254586 0.47990862 0.4773061 0.47475451 0.4722716 0.46987642 0.46758911 0.46543043 0.46342129 0.46158199 0.45993146 0.45848634 0.45726003 0.45626179 0.45549597 0.45496149 0.45465169 0.45455462 0.45465397 0.45493048 0.45536393 0.45593557 0.45663075 0.45744154 0.45836905 0.45942489
0.54948392 0.54824942 0.54697136 0.54564865 0.54428022 0.54286501 0.541402 0.53989022 0.53832873 0.53671667 0.53505324 0.53333775 0.5315696 0.52974834 0.52787365 0.5259454 0.52396367 0.5219288 0.51984139 0.51770238 0.51551311 0.51327533 0.51099133 0.50866394 0.50629669 0.50389383 0.50146043 0.49900253 0.49652715 0.49404247 0.49155783 0.48908387 0.48663254 0.48421708 0.48185203 0.47955308 0.47733689 0.47522081 0.47322249 0.47135937 0.46964809 0.46810377 0.46673927 0.46556444 0.46458538 0.46380394 0.46321742 0.46281857 0.46259607 0.46253548 0.46262066 0.46283564 0.4631669 0.46360573 0.46415066 0.46480949 0.46560069
0.55256437 0.55139341 0.55018081 0.5489256 0.54762681 0.54628351 0.5448948 0.54345984 0.54197785 0.54044812 0.53887003 0.53724304 0.53556677 0.53384094 0.53206544 0.53024037 0.52836601 0.52644292 0.52447192 0.52245417 0.52039119 0.51828494 0.51613784 0.51395285 0.51173355 0.50948419 0.50720977 0.5049161 0.50260989 0.50029883 0.49799159 0.49569791 0.49342859 0.49119546 0.48901132 0.48688979 0.48484512 0.48289193 0.48104481 0.47931789 0.47772428 0.47627554 0.47498098 0.47384715 0.47287724 0.4720708 0.47142355 0.4709276 0.47057199 0.47034363 0.47022876 0.47021461 0.47029158 0.47045535 0.47070912 0.47106549 0.47154769
0.55569208 0.55458608 0.55344039 0.55225414 0.55102645 0.54975651 0.54844356 0.54708689 0.54568584 0.54423987 0.5427485 0.54121139 0.53962831 0.53799918 0.53632408 0.5346033 0.53283733 0.53102693 0.52917312 0.52727723 0.52534099 0.52336648 0.52135626 0.51931336 0.51724139 0.51514455 0.51302769 0.51089639 0.50875698 0.50661659 0.50448319 0.50236557 0.50027334 0.4982169 0.49620729 0.49425609 0.49237521 0.4905766 0.48887191 0.48727214 0.4857871 0.48442498 0.48319185 0.48209116 0.48112345 0.48028608 0.47957324 0.47897629 0.47848429 0.47808503 0.4777663 0.47751759 0.47733192 0.47720793 0.47715186 0.47717927 0.47731627
0.55886474 0.55782498 0.55674748 0.55563145 0.55447613 0.55328081 0.55204484 0.55076764 0.5494487 0.5480876 0.54668402 0.54523778 0.5437488 0.54221718 0.5406432 0.5390273 0.53737017 0.53567275 0.53393622 0.53216211 0.53035227 0.52850891 0.52663467 0.52473265 0.52280644 0.52086013 0.51889843 0.51692661 0.5149506 0.51297695 0.51101287 0.50906621 0.5071454 0.50525938 0.5034175 0.50162936 0.4999046 0.49825266 0.49668242 0.49520194 0.49381796 0.49253559 0.49135788 0.49028547 0.48931641 0.488446 0.48766692 0.48696962 0.4863429 0.48577488 0.48525422 0.48477169 0.48432185 0.48390497 0.48352886 0.48321048 0.48297711
0.56208004 0.56110765 0.56009946 0.55905475 0.55797288 0.55685322 0.55569524 0.55449846 0.55326251 0.55198709 0.55067203 0.54931728 0.54792293 0.54648923 0.5450166 0.54350568 0.5419573 0.54037256 0.53875281 0.5370997 0.5354152 0.53370164 0.53196171 0.53019852 0.52841562 0.526617 0.52480714 0.52299103 0.52117414 0.51936245 0.51756243 0.51578095 0.51402531 0.51230306 0.51062192 0.50898961 0.50741364 0.5059011 0.50445834 0.50309068 0.50180207 0.50059481 0.49946918 0.49842329 0.49745284 0.49655121 0.49570959 0.49491735 0.49416274 0.49343374 0.49271926 0.49201051 0.49130264 0.49059643 0.4899 0.48923037 0.4886146
