dados_process/media_vento.asc
NCOLS 125
NROWS 83
XLLCORNER -41370.2
YLLCORNER 94214.4
CELLSIZE 250
NODATA_VALUE -9999
[rows 25 to 49 of 83, columns 57 to 113 of 125]
0.49337788 0.49253618 0.49184826 0.49137218 0.49116431 0.49127082 0.49171702 0.49249535 0.49355387 0.49478779 0.49603692 0.49709166 0.49770838 0.49763318 0.4966303 0.49451012 0.4911515 0.48651465 0.48064309 0.47365575 0.46573182 0.45709168 0.44797707 0.43863302 0.42929273 0.42016644 0.41143409 0.40324144 0.39569923 0.38888448 0.38284346 0.37759558 0.37313783 0.36944924 0.36649515 0.36423108 0.36260612 0.36156573 0.36105401 0.36101547 0.36139636 0.36214557 0.3632153 0.36456134 0.3661433 0.36792459 0.36987233 0.3719572 0.37415318 0.37643734 0.37878956 0.38119229 0.38363028 0.38609036 0.38856117 0.39103302 0.39349763
0.49883626 0.49754817 0.49636936 0.49535726 0.49456942 0.49405606 0.4938504 0.49395771 0.49434471 0.49493143 0.49558842 0.49614133 0.49638391 0.49609818 0.49507871 0.49315655 0.49021837 0.48621768 0.48117708 0.4751824 0.46837087 0.46091612 0.45301248 0.44486034 0.43665386 0.42857157 0.42076981 0.41337897 0.40650194 0.40021449 0.39456695 0.38958682 0.38528197 0.38164398 0.37865149 0.37627338 0.37447156 0.37320342 0.37242389 0.37208711 0.37214766 0.3725616 0.37328711 0.37428497 0.37551884 0.37695536 0.37856421 0.380318 0.38219216 0.38416481 0.38621654 0.38833021 0.3904908 0.39268515 0.39490183 0.39713092 0.39936386
0.50456256 0.50285604 0.50121236 0.49968782 0.49834078 0.4972251 0.49638157 0.49582801 0.4955494 0.49549014 0.49555074 0.49559095 0.49544008 0.49491376 0.4938343 0.49205104 0.48945692 0.48599868 0.48167972 0.4765563 0.47072878 0.46433007 0.45751326 0.45043985 0.44326969 0.43615288 0.42922406 0.42259858 0.41637065 0.41061298 0.40537747 0.40069692 0.39658715 0.3930495 0.39007336 0.3876387 0.38571838 0.38428025 0.38328892 0.38270728 0.38249772 0.38262309 0.38304741 0.3837364 0.38465784 0.38578175 0.38708053 0.38852898 0.39010423 0.39178566 0.3935548 0.3953952 0.39729223 0.39923299 0.40120612 0.40320168 0.40521097
0.51063707 0.50855609 0.50649177 0.50449896 0.50263639 0.500961 0.4995204 0.49834391 0.49743348 0.4967562 0.49624041 0.4957774 0.49522921 0.49444213 0.4932636 0.49155941 0.48922824 0.48621113 0.48249507 0.47811107 0.47312808 0.46764429 0.46177754 0.45565586 0.44940915 0.44316236 0.43703023 0.43111376 0.42549803 0.42025132 0.41542521 0.41105544 0.40716331 0.40375744 0.40083564 0.39838688 0.39639316 0.39483124 0.39367418 0.39289271 0.39245629 0.39233407 0.39249558 0.39291132 0.3935531 0.39439435 0.3954103 0.39657801 0.39787648 0.39928652 0.40079081 0.40237369 0.40402116 0.40572072 0.40746125 0.40923291 0.41102703
0.51711712 0.51471818 0.51229171 0.50989077 0.50757391 0.50540036 0.50342339 0.50168227 0.50019384 0.49894527 0.49788972 0.49694662 0.49600732 0.49494565 0.49363177 0.49194672 0.48979519 0.4871144 0.48387838 0.48009759 0.47581505 0.47110007 0.46604078 0.46073676 0.45529206 0.44980942 0.44438562 0.43910806 0.43405255 0.42928204 0.42484626 0.42078203 0.41711406 0.41385609 0.4110123 0.40857873 0.40654482 0.40489476 0.40360884 0.40266458 0.40203776 0.40170321 0.40163558 0.40180981 0.4022016 0.40278769 0.4035461 0.40445624 0.40549899 0.40665676 0.40791342 0.40925431 0.41066613 0.41213693 0.41365595 0.4152136 0.41680133
0.52403265 0.52138082 0.51866036 0.51592212 0.51322386 0.51062609 0.50818629 0.5059517 0.50395149 0.50218981 0.50064112 0.49924928 0.49793134 0.49658565 0.49510301 0.493379 0.4913251 0.48887707 0.48599966 0.48268749 0.47896296 0.47487185 0.47047779 0.46585639 0.46108961 0.45626077 0.4514505 0.44673351 0.4421764 0.43783622 0.43375974 0.42998337 0.42653351 0.42342724 0.4206733 0.41827312 0.41622198 0.41451015 0.41312391 0.41204661 0.41125949 0.41074244 0.4104747 0.41043531 0.41060358 0.41095941 0.41148351 0.41215758 0.41296445 0.4138881 0.41491371 0.41602766 0.41721748 0.41847183 0.41978044 0.42113405 0.4225243
0.53138399 0.52854869 0.52560729 0.522608 0.51960701 0.516665 0.51384204 0.51119116 0.50875115 0.50653989 0.50454949 0.50274454 0.50106434 0.49942892 0.49774803 0.49593131 0.49389809 0.49158513 0.48895146 0.48598035 0.48267842 0.47907284 0.47520739 0.47113781 0.46692731 0.4626424 0.45834927 0.45411096 0.44998515 0.44602262 0.44226642 0.43875141 0.43550432 0.43254409 0.42988249 0.42752485 0.42547093 0.42371577 0.42225055 0.42106347 0.4201404 0.41946566 0.4190225 0.41879366 0.41876176 0.41890962 0.41922048 0.41967828 0.4202677 0.42097432 0.42178463 0.4226861 0.42366715 0.42471711 0.42582627 0.42698576 0.42818753
0.53914166 0.53619258 0.53310368 0.52992004 0.52669547 0.52348965 0.52036364 0.51737411 0.51456678 0.51197016 0.50959058 0.5074099 0.50538648 0.50345956 0.50155625 0.4996 0.497519 0.49525321 0.49275931 0.49001311 0.48700981 0.48376237 0.48029877 0.47665856 0.47288927 0.46904293 0.46517303 0.46133192 0.45756878 0.45392808 0.45044862 0.44716287 0.44409683 0.44127013 0.43869631 0.43638334 0.43433422 0.43254766 0.43101873 0.42973953 0.42869984 0.42788769 0.42728984 0.42689229 0.42668061 0.42664026 0.42675688 0.42701643 0.42740541 0.42791094 0.4285208 0.42922356 0.43000854 0.4308658 0.43178623 0.43276139 0.43378361
0.54724828 0.54425175 0.54108526 0.53779021 0.53441732 0.53102413 0.52767119 0.52441686 0.52131143 0.5183912 0.51567371 0.51315501 0.51080969 0.50859393 0.50645082 0.50431729 0.50213116 0.49983753 0.49739343 0.49477067 0.49195672 0.48895412 0.48577866 0.48245691 0.47902343 0.475518 0.47198298 0.46846112 0.46499365 0.46161883 0.45837092 0.45527946 0.45236896 0.44965876 0.44716318 0.44489178 0.4428498 0.44103861 0.43945626 0.43809798 0.43695668 0.4360235 0.4352882 0.43473956 0.43436575 0.43415462 0.43409394 0.43417158 0.43437571 0.43469491 0.43511823 0.43563529 0.43623631 0.43691212 0.4376542 0.43845462 0.43930608
0.55562232 0.55263835 0.54945752 0.54611708 0.54266394 0.5391526 0.53564181 0.53219002 0.52885003 0.52566365 0.522657 0.51983768 0.51719405 0.51469716 0.51230474 0.50996668 0.50763097 0.50524922 0.50278102 0.50019691 0.49747978 0.49462491 0.49163899 0.48853843 0.48534727 0.48209502 0.47881448 0.47553985 0.47230505 0.46914241 0.46608157 0.46314884 0.46036665 0.45775338 0.45532334 0.45308684 0.45105051 0.44921756 0.44758823 0.44616013 0.44492869 0.44388757 0.443029 0.44234415 0.44182345 0.44145681 0.44123391 0.44114436 0.44117787 0.44132435 0.44157406 0.44191765 0.44234622 0.44285133 0.44342508 0.44406006 0.44474938
0.56416328 0.56124348 0.55810273 0.55477378 0.55129922 0.54772978 0.54412143 0.54053147 0.53701367 0.53361342 0.53036337 0.52728039 0.52436442 0.52159952 0.51895668 0.51639809 0.513882 0.51136741 0.50881809 0.50620546 0.50351028 0.50072321 0.49784445 0.49488267 0.49185357 0.48877819 0.48568122 0.4825894 0.47953007 0.47652997 0.47361428 0.47080587 0.46812481 0.46558801 0.46320918 0.46099875 0.45896402 0.45710939 0.45543661 0.45394506 0.45263211 0.45149342 0.45052324 0.44971474 0.44906023 0.44855145 0.44817973 0.44793622 0.44781202 0.4477983 0.44788642 0.44806799 0.44833495 0.4486796 0.44909463 0.44957315 0.45010871
0.57275782 0.56994415 0.56688791 0.56361713 0.56016972 0.5565922 0.55293717 0.54925985 0.54561387 0.54204679 0.53859606 0.53528594 0.53212607 0.52911174 0.52622578 0.52344179 0.52072802 0.51805129 0.51538057 0.5126897 0.50995923 0.50717729 0.50433975 0.5014496 0.49851608 0.49555341 0.49257953 0.48961477 0.48668063 0.48379879 0.48099017 0.47827423 0.47566849 0.47318813 0.47084581 0.46865159 0.46661295 0.46473491 0.46302018 0.46146941 0.4600814 0.45885337 0.45778117 0.4568596 0.45608257 0.45544333 0.45493468 0.45454911 0.45427896 0.45411653 0.45405417 0.45408442 0.45419999 0.45439388 0.45465938 0.45499009 0.45537999
0.58128638 0.57861072 0.57567313 0.57249676 0.5691148 0.56556932 0.56190922 0.55818718 0.5544559 0.55076406 0.54715255 0.54365149 0.54027851 0.53703844 0.53392451 0.53092065 0.52800452 0.52515077 0.5223341 0.51953179 0.51672555 0.51390264 0.51105627 0.50818553 0.5052948 0.50239296 0.49949243 0.49660813 0.49375656 0.49095482 0.48821993 0.4855681 0.48301427 0.48057171 0.4782518 0.47606389 0.47401523 0.47211104 0.4703546 0.46874736 0.46728915 0.46597835 0.46481209 0.46378645 0.46289666 0.46213725 0.46150226 0.46098534 0.46057993 0.46027931 0.46007679 0.45996569 0.45993949 0.45999181 0.46011652 0.46030772 0.4605598
0.58962958 0.58711409 0.58431937 0.58126383 0.57797596 0.57449348 0.57086152 0.56712998 0.56335019 0.5595712 0.55583631 0.55218017 0.54862684 0.54518916 0.54186926 0.53866018 0.53554819 0.5325154 0.52954235 0.52661034 0.52370317 0.52080841 0.51791801 0.51502851 0.51214084 0.5092598 0.50639342 0.50355222 0.50074841 0.49799515 0.49530592 0.49269393 0.49017163 0.48775037 0.4854401 0.48324924 0.48118457 0.47925119 0.47745258 0.4757907 0.47426606 0.47287788 0.47162427 0.47050231 0.4695083 0.46863783 0.46788598 0.4672474 0.46671646 0.46628737 0.46595422 0.46571109 0.46555213 0.46547158 0.46546384 0.46552346 0.46564525
0.59767412 0.5953321 0.59269558 0.58977848 0.58660486 0.58320831 0.57963037 0.57591816 0.57212139 0.568289 0.56446586 0.56069 0.55699057 0.5533869 0.54988859 0.54649651 0.54320449 0.5400015 0.53687375 0.53380672 0.53078688 0.52780293 0.52484656 0.5219129 0.51900056 0.51611136 0.51324996 0.51042335 0.50764019 0.50491031 0.50224411 0.4996521 0.49714442 0.49473053 0.49241897 0.4902171 0.48813105 0.48616559 0.4843242 0.48260905 0.48102108 0.47956011 0.47822494 0.47701346 0.4759228 0.47494942 0.47408926 0.47333782 0.4726903 0.47214167 0.47168676 0.47132031 0.47103709 0.47083189 0.47069959 0.47063523 0.47063397
0.60531776 0.60315481 0.60068423 0.59791575 0.59486942 0.59157508 0.58807096 0.58440158 0.58061496 0.57675955 0.57288114 0.56902018 0.56520968 0.5614741 0.55782906 0.55428193 0.55083307 0.54747747 0.54420654 0.54100992 0.53787696 0.53479801 0.53176524 0.52877322 0.52581914 0.5229028 0.52002635 0.51719404 0.51441171 0.51168643 0.509026 0.50643854 0.50393216 0.50151457 0.49919291 0.49697349 0.49486169 0.49286185 0.49097725 0.48921009 0.48756157 0.48603189 0.48462035 0.48332544 0.48214495 0.48107605 0.48011538 0.47925917 0.4785033 0.47784342 0.477275 0.47679339 0.47639389 0.47607181 0.4758225 0.4756414 0.47552405
0.61247305 0.61048857 0.60818548 0.60556982 0.60265811 0.59947692 0.59606157 0.5924542 0.58870115 0.58485017 0.58094741 0.57703488 0.5731484 0.56931626 0.5655588 0.5618886 0.55831138 0.55482728 0.55143234 0.54812002 0.54488258 0.54171228 0.53860226 0.53554715 0.53254346 0.52958967 0.52668623 0.52383534 0.52104067 0.51830706 0.51564018 0.51304617 0.51053132 0.50810184 0.50576355 0.50352175 0.50138108 0.49934535 0.49741757 0.49559987 0.49389352 0.49229895 0.49081584 0.48944311 0.48817907 0.48702143 0.48596744 0.48501392 0.48415735 0.48339395 0.48271974 0.48213062 0.48162238 0.4811908 0.48083164 0.48054073 0.48031395
0.61907003 0.61725851 0.61511968 0.61265641 0.60988229 0.6068211 0.60350567 0.59997603 0.59627693 0.59245517 0.58855686 0.58462484 0.58069676 0.57680363 0.57296927 0.56921027 0.56553659 0.5619526 0.55845825 0.5550504 0.55172406 0.54847347 0.545293 0.54217779 0.53912419 0.53613 0.53319456 0.53031863 0.52750429 0.52475469 0.52207379 0.5194661 0.51693644 0.51448966 0.51213049 0.50986329 0.50769196 0.50561981 0.50364953 0.50178308 0.50002173 0.49836606 0.49681596 0.49537071 0.49402899 0.49278897 0.49164837 0.4906045 0.48965437 0.48879468 0.48802196 0.48733254 0.4867227 0.4861886 0.48572641 0.48533231 0.4850025
0.62505766 0.62340993 0.6214285 0.61911374 0.61647687 0.61353945 0.61033221 0.60689328 0.60326588 0.59949574 0.59562848 0.5917072 0.58777051 0.58385119 0.57997542 0.57616268 0.57242615 0.56877347 0.56520779 0.56172886 0.55833414 0.55501978 0.55178148 0.54861516 0.54551742 0.54248582 0.53951909 0.53661709 0.53378077 0.53101206 0.52831364 0.52568874 0.523141 0.52067418 0.51829204 0.51599814 0.51379574 0.51168768 0.50967629 0.50776337 0.50595013 0.5042372 0.50262465 0.50111197 0.49969817 0.49838177 0.49716089 0.49603326 0.49499629 0.49404714 0.49318275 0.49239988 0.49169518 0.49106522 0.49050651 0.49001554 0.48958884
0.63040433 0.62890844 0.62707477 0.62490198 0.62239961 0.61958745 0.61649447 0.61315705 0.60961687 0.60591844 0.60210655 0.59822403 0.59430978 0.59039744 0.58651464 0.58268275 0.57891719 0.57522804 0.5716209 0.56809784 0.56465841 0.56130049 0.55802112 0.55481713 0.55168559 0.5486242 0.54563144 0.5427067 0.53985024 0.53706314 0.53434717 0.53170466 0.52913831 0.52665103 0.52424582 0.52192558 0.51969302 0.51755056 0.51550023 0.51354365 0.51168194 0.50991577 0.50824529 0.50667021 0.50518976 0.50380275 0.50250763 0.50130246 0.50018505 0.49915291 0.49820335 0.49733351 0.4965404 0.4958209 0.49517187 0.49459011 0.4940724
0.63509767 0.63373922 0.63204127 0.63000176 0.62762924 0.62494218 0.62196789 0.61874104 0.61530165 0.61169281 0.60795823 0.60414 0.60027674 0.59640228 0.59254485 0.58872688 0.58496518 0.58127146 0.57765307 0.57411386 0.57065504 0.56727598 0.56397495 0.56074971 0.55759798 0.5545178 0.55150773 0.54856698 0.54569547 0.5428938 0.54016316 0.53750522 0.53492206 0.53241595 0.52998932 0.52764456 0.52538396 0.52320958 0.52112321 0.5191263 0.51721992 0.51540472 0.51368096 0.51204847 0.51050668 0.50905464 0.50769108 0.50641436 0.50522259 0.50411362 0.50308509 0.50213447 0.50125906 0.50045609 0.49972268 0.49905592 0.49845287
0.63914386 0.63790568 0.63632871 0.63441164 0.6321628 0.62959948 0.62674718 0.62363859 0.62031185 0.61680839 0.61317057 0.60943944 0.60565289 0.60184438 0.59804211 0.59426884 0.59054203 0.58687429 0.5832741 0.57974653 0.57629403 0.57291716 0.56961527 0.56638701 0.56323079 0.56014514 0.5571289 0.55418137 0.5513024 0.54849237 0.54575216 0.5430831 0.54048682 0.53796522 0.53552032 0.53315413 0.53086865 0.52866569 0.52654686 0.52451348 0.52256656 0.52070678 0.51893447 0.51724956 0.51565168 0.51414007 0.51271369 0.51137117 0.5101109 0.50893101 0.50782943 0.50680392 0.50585209 0.50497142 0.50415932 0.50341314 0.50273016
0.64256686 0.6414274 0.63995288 0.6381449 0.63601229 0.63357071 0.63084312 0.62785954 0.62465579 0.62127143 0.61774727 0.61412314 0.61043591 0.60671826 0.60299787 0.59929722 0.5956338 0.59202051 0.58846635 0.58497711 0.58155606 0.57820465 0.57492307 0.57171079 0.56856689 0.56549047 0.56248077 0.55953737 0.55666026 0.55384982 0.55110687 0.54843258 0.5458284 0.543296 0.54083716 0.5384537 0.53614741 0.53391994 0.5317728 0.52970724 0.52772425 0.52582455 0.52400852 0.52227624 0.52062746 0.51906163 0.5175779 0.51617515 0.51485201 0.51360686 0.51243791 0.51134318 0.51032052 0.50936771 0.50848238 0.50766211 0.50690443
0.64540773 0.64433738 0.6429406 0.64122537 0.63920085 0.63687929 0.63427928 0.63142696 0.62835526 0.62510166 0.62170544 0.61820514 0.61463653 0.61103125 0.60741608 0.60381278 0.60023832 0.59670535 0.59322288 0.58979691 0.58643116 0.58312762 0.57988713 0.57670979 0.57359535 0.57054345 0.56755384 0.56462649 0.56176165 0.55895993 0.55622225 0.5535498 0.55094403 0.54840654 0.54593904 0.54354328 0.54122094 0.53897364 0.53680283 0.53470976 0.53269544 0.53076064 0.52890584 0.52713122 0.52543671 0.52382191 0.52228617 0.52082859 0.51944801 0.51814308 0.51691221 0.51575368 0.51466559 0.51364594 0.5126926 0.51180338 0.51097602
0.64772434 0.64667739 0.6453237 0.64368198 0.64175851 0.63955731 0.63708906 0.63437429 0.63144253 0.62832922 0.62507239 0.62170954 0.61827539 0.61480046 0.61131038 0.60782581 0.60436275 0.60093313 0.59754547 0.59420558 0.59091721 0.58768259 0.58450297 0.58137893 0.57831078 0.57529871 0.57234296 0.56944398 0.56660244 0.56381924 0.56109555 0.55843278 0.55583247 0.55329634 0.55082613 0.54842362 0.54609055 0.54382853 0.54163905 0.53952341 0.53748271 0.53551777 0.5336292 0.53181731 0.53008217 0.52842357 0.52684103 0.52533386 0.52390112 0.52254165 0.52125411 0.520037 0.51888864 0.51780725 0.51679093 0.51583768 0.51494545
