dados_process/media_preci.asc.aux.xml
NCOLS 139
NROWS 92
XLLCORNER -40151.9
YLLCORNER 91363.3
CELLSIZE 250
NODATA_VALUE -9999
[rows 0 to 23 of 92, columns 0 to 54 of 139]
0.093255645 0.093453738 0.093651788 0.093849045 0.094044649 0.094237621 0.094426848 0.094611069 0.094788857 0.094958602 0.095118493 0.095266499 0.095400347 0.095517499 0.095615134 0.095690125 0.09573902 0.095758026 0.095742995 0.095689422 0.095592451 0.095446892 0.095247262 0.094987849 0.094662817 0.094266343 0.093792826 0.093237153 0.092595063 0.091863607 0.091041735 0.090131019 0.089136514 0.088067772 0.086939971 0.085775113 0.084603217 0.083463345 0.082404298 0.081484721 0.080772344 0.08034209 0.080272845 0.080642838 0.081523807 0.082974427 0.085033739 0.08771553 0.091004576 0.094855486 0.09919442 0.10392348 0.10892706 0.11407925 0.11925122
0.092953549 0.093155242 0.093357543 0.093559754 0.093761074 0.093960581 0.094157226 0.094349814 0.094536985 0.094717203 0.094888729 0.095049607 0.09519764 0.095330367 0.09544504 0.095538603 0.095607671 0.095648508 0.095657017 0.095628727 0.095558799 0.095442037 0.095272928 0.095045696 0.0947544 0.094393072 0.093955912 0.093437559 0.092833443 0.092140254 0.09135653 0.090483396 0.089525451 0.088491811 0.087397296 0.086263696 0.085121048 0.08400877 0.082976465 0.082084127 0.081401468 0.081006047 0.080979987 0.081405189 0.082357222 0.083898362 0.086070574 0.088889438 0.09234003 0.096375558 0.10091906 0.10586799 0.1111009 0.11648527 0.12188529
0.092639469 0.092844582 0.093050986 0.093258043 0.093465017 0.093671056 0.093875185 0.094076285 0.094273084 0.094464131 0.094647783 0.094822182 0.094985233 0.095134581 0.09526759 0.095381315 0.095472484 0.095537474 0.095572299 0.095572592 0.095533613 0.095450253 0.095317069 0.095128338 0.094878145 0.094560521 0.094169626 0.093700019 0.093147006 0.092507104 0.091778633 0.090962454 0.090062871 0.089088694 0.088054454 0.086981711 0.08590039 0.08484998 0.083880422 0.083052393 0.0824367 0.082112452 0.082163768 0.082674914 0.083724031 0.085375931 0.087674775 0.090637672 0.094250263 0.098465136 0.10320344 0.10835948 0.1138076 0.1194102 0.12502584
0.092312639 0.092520913 0.092731188 0.092942891 0.093155357 0.093367815 0.093579371 0.093789 0.093995525 0.094197602 0.0943937 0.094582082 0.094760781 0.094927579 0.095079983 0.095215202 0.095330123 0.095421289 0.095484884 0.095516721 0.095512235 0.095466497 0.095374242 0.095229917 0.095027769 0.094761975 0.094426824 0.094016976 0.093527811 0.09295588 0.092299495 0.091559466 0.090739997 0.089849752 0.088903079 0.087921329 0.086934218 0.085981053 0.085111664 0.084386734 0.083877251 0.083662725 0.083827937 0.084458085 0.085632481 0.087417277 0.089857999 0.092972974 0.096748696 0.10113802 0.10606161 0.11141236 0.11706228 0.12287048 0.12869138
0.091972291 0.09218339 0.092397215 0.092613265 0.092830955 0.093049599 0.093268397 0.093486426 0.09370262 0.093915754 0.094124429 0.094327046 0.094521794 0.094706617 0.0948792 0.095036941 0.095176932 0.095295931 0.095390355 0.095456259 0.095489337 0.095484929 0.095438048 0.095343431 0.095195618 0.094989083 0.094718409 0.094378544 0.093965136 0.093474986 0.092906619 0.092261011 0.091542476 0.090759711 0.089927009 0.08906556 0.0882048 0.087383633 0.08665136 0.086068028 0.085703908 0.08563778 0.085953752 0.086736513 0.088065133 0.090005876 0.092604791 0.095881103 0.09982247 0.10438297 0.10948426 0.1150197 0.12086092 0.12686567 0.13288584
0.091617673 0.091831175 0.092048136 0.092268134 0.092490667 0.09271514 0.092940858 0.093167007 0.093392642 0.093616674 0.093837847 0.094054725 0.094265667 0.094468809 0.094662043 0.09484299 0.095008985 0.095157053 0.095283894 0.09538587 0.095459007 0.095498997 0.095501231 0.095460843 0.095372794 0.095231996 0.095033484 0.094772668 0.094445657 0.094049705 0.093583761 0.093049186 0.092450603 0.091796924 0.091102515 0.090388466 0.089683884 0.089027077 0.088466444 0.08806081 0.087878915 0.087997766 0.088499572 0.089467179 0.090978105 0.093097604 0.09587147 0.099319564 0.10343104 0.10816216 0.11343703 0.11915134 0.12517836 0.13137635 0.1375963
0.091248048 0.091463448 0.091683039 0.09190648 0.092133358 0.092363176 0.092595347 0.092829175 0.093063848 0.09329842 0.093531796 0.093762712 0.093989721 0.094211172 0.094425186 0.094629641 0.094822151 0.095000047 0.095160361 0.095299821 0.095414846 0.095501558 0.095555811 0.095573236 0.09554933 0.095479567 0.09535958 0.095185395 0.094953758 0.094662554 0.094311355 0.093902091 0.093439882 0.092934014 0.092399047 0.091856021 0.091333677 0.090869565 0.090510863 0.090314673 0.090347516 0.090683737 0.091402615 0.092584038 0.094302887 0.096622477 0.099587739 0.103219 0.10750727 0.11241187 0.11786081 0.1237538 0.12996762 0.13636286 0.14279114
0.090862712 0.091079419 0.091301038 0.091527312 0.09175792 0.091992466 0.092230476 0.092471381 0.092714504 0.092959055 0.093204105 0.093448581 0.093691242 0.093930666 0.094165228 0.094393087 0.094612164 0.09482013 0.095014393 0.09519209 0.095350093 0.095485017 0.09559325 0.095671008 0.095714414 0.095719617 0.095682965 0.095601237 0.095471956 0.095293796 0.095067102 0.09479454 0.094481872 0.094138885 0.093780427 0.093427528 0.093108524 0.092860071 0.092727872 0.092766915 0.093040955 0.093621012 0.094582653 0.096001988 0.097950472 0.10048884 0.10366077 0.107487 0.1119608 0.1170454 0.1226739 0.12875158 0.13516042 0.14176494 0.14841881
0.090460998 0.090678337 0.09090129 0.091129682 0.091363286 0.091601813 0.091844902 0.092092113 0.092342913 0.09259667 0.092852634 0.093109927 0.093367527 0.093624254 0.093878754 0.094129483 0.094374696 0.09461243 0.0948405 0.095056491 0.095257769 0.095441491 0.095604642 0.095744086 0.09585665 0.09593924 0.095989014 0.096003605 0.095981424 0.095922049 0.095826721 0.095698949 0.09554525 0.095375999 0.095206388 0.095057455 0.094957094 0.094940957 0.095053085 0.09534607 0.095880544 0.096723757 0.09794708 0.09962235 0.10181715 0.1045893 0.10798108 0.11201377 0.11668328 0.12195751 0.12777567 0.13404993 0.14066884 0.1475023 0.15440724
0.090042291 0.090259506 0.090483004 0.090712697 0.09094845 0.091190079 0.091437339 0.091689922 0.091947441 0.092209424 0.092475304 0.092744404 0.093015929 0.093288949 0.09356239 0.093835022 0.094105446 0.094372084 0.09463318 0.094886795 0.095130818 0.095362987 0.09558092 0.095782179 0.095964345 0.096125143 0.096262604 0.096375284 0.096462558 0.096524981 0.096564763 0.096586331 0.096597011 0.096607811 0.096634295 0.096697501 0.09682484 0.097050883 0.097417885 0.097975889 0.098782211 0.099900129 0.10139662 0.10333906 0.10579107 0.10880752 0.11242937 0.1166787 0.1215545 0.12702994 0.13305125 0.13953846 0.14638789 0.15347596 0.16066393
0.089606034 0.08982229 0.090045459 0.090275535 0.090512477 0.090756203 0.091006586 0.091263446 0.091526543 0.091795567 0.092070133 0.092349769 0.092633906 0.092921871 0.093212875 0.093506005 0.093800217 0.094094331 0.094387031 0.094676866 0.094962269 0.095241575 0.095513065 0.095775018 0.096025804 0.096263997 0.096488537 0.09669894 0.096895576 0.097080018 0.097255473 0.097427311 0.097603684 0.097796239 0.0980209 0.098298681 0.098656475 0.099127719 0.099752833 0.10057926 0.10166099 0.10305731 0.10483088 0.10704473 0.10975866 0.11302483 0.1168832 0.12135695 0.12644864 0.13213722 0.13837658 0.14509542 0.15219873 0.15957042 0.16707694
0.089151739 0.089366128 0.08958801 0.089817459 0.090054523 0.090299223 0.090551544 0.090811433 0.091078793 0.091353476 0.091635274 0.091923919 0.092219068 0.092520301 0.092827113 0.093138911 0.093455005 0.093774613 0.094096861 0.094420792 0.094745384 0.095069578 0.095392317 0.095712613 0.096029626 0.096342787 0.09665195 0.096957596 0.097261096 0.097565032 0.097873603 0.098193107 0.098532501 0.09890404 0.099323973 0.099813256 0.10039823 0.10111118 0.10199071 0.10308171 0.10443494 0.10610592 0.1081532 0.11063583 0.11361015 0.11712604 0.12122287 0.12592538 0.13124003 0.13715204 0.1436234 0.15059209 0.15797241 0.16565652 0.17351682
0.088678994 0.088890542 0.089110103 0.089337828 0.089573851 0.089818288 0.090071236 0.090332763 0.090602909 0.090881681 0.091169047 0.091464934 0.091769219 0.092081731 0.092402242 0.09273047 0.093066075 0.093408665 0.0937578 0.09411301 0.09447381 0.094839735 0.095210384 0.095585484 0.095964977 0.096349131 0.096738697 0.097135096 0.097540668 0.097958973 0.098395161 0.098856407 0.099352422 0.099896018 0.10050372 0.10119637 0.10199974 0.102945 0.10406897 0.10541414 0.10702827 0.10896339 0.11127436 0.1140167 0.11724384 0.12100389 0.12533608 0.13026715 0.13580784 0.14194992 0.14866381 0.15589707 0.16357382 0.171595 0.17983958
0.088187477 0.088395147 0.088611284 0.08883611 0.089069839 0.089312678 0.089564826 0.089826467 0.090097772 0.090378895 0.090669969 0.090971109 0.091282402 0.091603913 0.091935682 0.092277725 0.092630037 0.092992602 0.0933654 0.093748425 0.09414171 0.094545364 0.094959616 0.09538488 0.095821845 0.096271583 0.096735696 0.097216499 0.097717247 0.098242416 0.098798039 0.0993921 0.10003499 0.10074 0.10152387 0.10240731 0.1034155 0.10457852 0.10593154 0.10751485 0.10937344 0.1115563 0.11411506 0.11710223 0.1205689 0.12456196 0.12912102 0.13427514 0.14003962 0.14641291 0.15337401 0.16088022 0.1688657 0.17724053 0.18589072
0.087676952 0.087879659 0.08809121 0.088311894 0.088541998 0.088781814 0.089031634 0.08929175 0.089562454 0.089844036 0.090136786 0.090440989 0.090756933 0.091084904 0.091425191 0.091778092 0.092143916 0.092523001 0.092915721 0.09332251 0.093743889 0.094180504 0.094633176 0.095102965 0.095591259 0.096099878 0.096631217 0.097188416 0.097775572 0.098397997 0.099062522 0.099777851 0.10055497 0.10140757 0.10235254 0.10341041 0.10460581 0.10596776 0.10752993 0.10933062 0.11141243 0.11382165 0.11660721 0.11981918 0.12350685 0.12771639 0.13248818 0.13785391 0.14383355 0.15043225 0.15763747 0.16541622 0.17371266 0.1824462 0.19151007
0.087147288 0.087343901 0.087549655 0.087764897 0.087989981 0.088225273 0.088471152 0.088728004 0.088996233 0.089276253 0.089568493 0.0898734 0.09019144 0.090523103 0.090868907 0.091229408 0.091605207 0.091996964 0.092405417 0.092831404 0.093275895 0.093740031 0.094225174 0.094732977 0.095265465 0.09582514 0.096415115 0.097039274 0.097702468 0.09841075 0.099171652 0.099994501 0.10089078 0.1018745 0.10296266 0.10417556 0.10553727 0.10707588 0.1088237 0.11081727 0.1130971 0.11570724 0.11869437 0.12210662 0.12599197 0.1303963 0.13536107 0.14092073 0.14709987 0.15391018 0.16134729 0.16938757 0.17798497 0.18706805 0.19653734
0.086598455 0.08678781 0.086986518 0.087194974 0.087413591 0.087642799 0.087883052 0.088134823 0.08839861 0.088674938 0.088964361 0.089267468 0.089584884 0.089917282 0.090265384 0.090629978 0.091011923 0.091412173 0.09183179 0.092271976 0.092734102 0.093219751 0.093730773 0.094269347 0.094838065 0.095440036 0.096079004 0.096759506 0.09748705 0.09826833 0.099111473 0.10002633 0.10102477 0.10212108 0.10333226 0.1046784 0.10618303 0.10787338 0.10978055 0.11193955 0.11438915 0.11717149 0.12033144 0.1239156 0.12797105 0.13254368 0.13767619 0.14340578 0.14976147 0.15676109 0.16440794 0.17268718 0.18156202 0.19096974 0.20081793
0.086030529 0.086211442 0.086401828 0.086602123 0.086812787 0.087034309 0.087267202 0.087512012 0.087769321 0.088039746 0.088323949 0.088622641 0.088936586 0.089266612 0.089613622 0.089978602 0.090362639 0.09076694 0.09119285 0.091641888 0.092115775 0.09261648 0.093146273 0.093707792 0.094304119 0.094938882 0.09561637 0.096341674 0.097120855 0.097961141 0.098871149 0.099861144 0.10094332 0.10213211 0.10344449 0.10490032 0.10652263 0.10833785 0.11037602 0.11267084 0.11525959 0.11818284 0.12148397 0.12520843 0.12940264 0.13411267 0.13938251 0.14525194 0.15175403 0.15891216 0.1667366 0.17522048 0.18433544 0.19402681 0.20420869
0.0854437 0.085614974 0.085795746 0.085986487 0.086187694 0.086399897 0.086623664 0.086859597 0.087108344 0.0873706 0.087647117 0.087938702 0.088246238 0.088570683 0.088913087 0.089274604 0.089656512 0.090060228 0.09048734 0.090939628 0.09141911 0.091928078 0.092469157 0.093045365 0.093660195 0.094317706 0.095022634 0.095780525 0.09659789 0.097482383 0.098443003 0.099490331 0.10063678 0.10189687 0.10328751 0.10482829 0.10654176 0.10845364 0.11059303 0.11299251 0.11568806 0.11871896 0.12212737 0.12595778 0.13025616 0.1350688 0.14044084 0.14641433 0.15302588 0.16030371 0.16826409 0.17690712 0.1862118 0.19613054 0.20658319
0.084838265 0.084998703 0.085168571 0.085348359 0.085538596 0.085739842 0.085952702 0.086177824 0.086415906 0.086667702 0.08693403 0.087215778 0.087513918 0.08782951 0.088163722 0.088517841 0.088893297 0.089291676 0.089714757 0.090164534 0.090643259 0.091153484 0.091698118 0.092280483 0.092904398 0.093574263 0.094295165 0.095073004 0.095914634 0.096828028 0.097822465 0.09890874 0.1000994 0.10140897 0.10285424 0.10445453 0.1062319 0.10821143 0.11042138 0.11289331 0.11566214 0.11876599 0.122246 0.12614584 0.13051106 0.13538813 0.1408231 0.14685987 0.15353792 0.16088943 0.16893564 0.1776824 0.18711484 0.19719126 0.20783632
0.084214635 0.084363052 0.084520732 0.084688182 0.084865944 0.085054603 0.085254785 0.085467168 0.085692484 0.085931527 0.086185164 0.086454339 0.086740084 0.087043537 0.08736595 0.087708709 0.088073353 0.088461597 0.088875358 0.089316793 0.089788328 0.09029271 0.090833057 0.091412921 0.092036359 0.092708023 0.093433256 0.094218209 0.095069976 0.095996745 0.097007971 0.098114568 0.099329116 0.1006661 0.10214212 0.10377618 0.10558989 0.1076077 0.10985711 0.11236878 0.11517662 0.11831777 0.12183242 0.12576349 0.13015607 0.13505663 0.14051182 0.14656686 0.15326338 0.16063657 0.16871146 0.17749838 0.18698724 0.19714094 0.20788793
0.083573328 0.083708559 0.083852794 0.084006542 0.084170354 0.08434482 0.084530579 0.084728322 0.0849388 0.085162829 0.085401302 0.085655194 0.085925579 0.086213636 0.086520673 0.086848136 0.087197637 0.087570971 0.087970151 0.088397435 0.088855368 0.089346824 0.089875061 0.090443781 0.091057197 0.091720123 0.092438062 0.093217319 0.094065127 0.094989785 0.096000824 0.097109179 0.098327385 0.099669792 0.10115278 0.10279499 0.10461756 0.10664434 0.10890208 0.11142062 0.11423294 0.11737523 0.12088678 0.12480973 0.1291886 0.13406964 0.13949971 0.14552478 0.15218786 0.15952613 0.16756731 0.17632483 0.18579204 0.19593518 0.2066855
0.082914969 0.083035884 0.08316545 0.083304172 0.083452595 0.083611306 0.083780943 0.083962196 0.084155817 0.084362626 0.084583522 0.084819489 0.085071613 0.085341092 0.085629252 0.085937569 0.086267683 0.086621431 0.087000868 0.087408303 0.08784634 0.088317917 0.08882636 0.089375445 0.089969461 0.090613294 0.091312518 0.092073494 0.092903495 0.093810833 0.094805016 0.095896905 0.097098905 0.098425155 0.099891741 0.10151691 0.1033213 0.10532814 0.10756346 0.11005626 0.11283866 0.11594589 0.11941631 0.1232912 0.12761438 0.13243158 0.13778946 0.14373417 0.15030931 0.15755313 0.16549486 0.17414984 0.18351358 0.19355452 0.20420586
0.082240284 0.082345796 0.082459517 0.082581938 0.08271359 0.082855045 0.083006925 0.083169907 0.083344728 0.083532194 0.083733188 0.083948684 0.084179754 0.084427585 0.084693495 0.084978949 0.085285583 0.085615227 0.085969936 0.086352018 0.086764075 0.087209049 0.087690267 0.088211504 0.088777047 0.089391771 0.090061228 0.090791746 0.091590541 0.092465843 0.093427039 0.094484826 0.095651388 0.096940577 0.098368114 0.099951798 0.10171172 0.10367046 0.10585331 0.10828845 0.11100707 0.11404344 0.11743494 0.12122187 0.12544715 0.13015571 0.13539362 0.14120661 0.14763818 0.15472678 0.16250213 0.1709804 0.18015815 0.19000511 0.20045587
