dados_process/media_temp.asc
NCOLS 139
NROWS 92
XLLCORNER -40151.9
YLLCORNER 91363.3
CELLSIZE 250
NODATA_VALUE -9999
[rows 52 to 77 of 92, columns 60 to 119 of 139]
19.640711 19.673199 19.70806 19.745184 19.784472 19.825798 19.868988 19.913814 19.95999 20.007186 20.055038 20.103167 20.151191 20.19874 20.24547 20.291066 20.335256 20.377805 20.418523 20.457264 20.49392 20.52842 20.560729 20.59084 20.618772 20.644565 20.668278 20.689982 20.709762 20.727707 20.743914 20.758482 20.771513 20.783106 20.793362 20.802376 20.810242 20.817049 20.822883 20.827826 20.831953 20.835335 20.838041 20.840132 20.841667 20.842698 20.843276 20.843445 20.843248 20.842724 20.841906 20.840828 20.839519 20.838005 20.83631 20.834457 20.832464 20.830351 20.828134 20.825827
19.608209 19.633493 19.66137 19.691905 19.725133 19.761016 19.79943 19.84016 19.882908 19.927317 19.972984 20.019486 20.066394 20.113295 20.159798 20.205548 20.25023 20.293574 20.335352 20.375385 20.413532 20.449693 20.483804 20.515832 20.545773 20.573645 20.599486 20.62335 20.645305 20.665427 20.6838 20.700512 20.715656 20.729324 20.741608 20.752601 20.762391 20.771065 20.778705 20.785392 20.791201 20.796202 20.800464 20.804049 20.807015 20.809418 20.811309 20.812734 20.813737 20.814359 20.814636 20.814602 20.81429 20.813726 20.812937 20.811948 20.81078 20.809453 20.807985 20.806393
19.57512 19.593299 19.614425 19.638738 19.666385 19.697385 19.731622 19.768858 19.808754 19.850898 19.894834 19.940085 19.986172 20.032638 20.07905 20.12502 20.170197 20.214283 20.257023 20.298209 20.337678 20.375308 20.411011 20.444736 20.476457 20.506176 20.533914 20.55971 20.583618 20.605702 20.626035 20.644695 20.661766 20.677333 20.691482 20.7043 20.715871 20.726279 20.735603 20.743922 20.751309 20.757834 20.763565 20.768564 20.772891 20.7766 20.779744 20.782371 20.784526 20.78625 20.787582 20.788558 20.78921 20.789568 20.789661 20.789514 20.78915 20.788591 20.787857 20.786965
19.538422 19.549774 19.564607 19.583317 19.606124 19.633053 19.663949 19.698506 19.73631 19.776873 19.81967 19.864162 19.909824 19.956154 20.002688 20.049009 20.094745 20.139574 20.183225 20.225473 20.266137 20.305081 20.342201 20.377431 20.410733 20.442093 20.47152 20.499041 20.524698 20.548545 20.570646 20.591069 20.60989 20.627189 20.643045 20.65754 20.670753 20.682765 20.693653 20.703491 20.712353 20.720307 20.727419 20.733752 20.739365 20.744314 20.74865 20.752423 20.755679 20.75846 20.760805 20.762752 20.764335 20.765585 20.766532 20.767201 20.76762 20.767809 20.76779 20.767584
19.495093 19.500137 19.509423 19.523458 19.542471 19.566425 19.595063 19.627969 19.664616 19.704424 19.746786 19.791106 19.836811 19.883368 19.93029 19.977142 20.02354 20.069153 20.1137 20.15695 20.198714 20.238846 20.277236 20.313807 20.348513 20.381329 20.412257 20.441314 20.468532 20.493957 20.517644 20.539656 20.560062 20.578932 20.596344 20.612372 20.627093 20.640583 20.652915 20.664164 20.674398 20.683686 20.692093 20.699679 20.706504 20.712624 20.71809 20.722952 20.727256 20.731045 20.734361 20.737239 20.739717 20.741826 20.743596 20.745057 20.746233 20.747148 20.747826 20.748286
19.442294 19.441851 19.446685 19.457329 19.473925 19.496288 19.523993 19.556461 19.593032 19.633015 19.675728 19.720518 19.766779 19.813959 19.861562 19.909148 19.956334 20.002792 20.048243 20.092456 20.135245 20.176461 20.215993 20.25376 20.289711 20.323818 20.356075 20.386492 20.415097 20.441928 20.467033 20.49047 20.512301 20.532592 20.551414 20.568837 20.584936 20.599781 20.613443 20.625994 20.6375 20.648029 20.657642 20.666401 20.674364 20.681585 20.688118 20.69401 20.699309 20.704058 20.708298 20.712068 20.715402 20.718336 20.720899 20.723121 20.725029 20.726648 20.728001 20.729109
19.377678 19.372928 19.374792 19.383695 19.399569 19.421979 19.450263 19.483642 19.521302 19.562445 19.606319 19.652234 19.699569 19.747768 19.796343 19.844866 19.892968 19.940336 19.986703 20.03185 20.075598 20.117806 20.158364 20.197196 20.234248 20.269493 20.302919 20.334536 20.364365 20.39244 20.418805 20.443512 20.466618 20.488185 20.508278 20.526966 20.544316 20.560398 20.575278 20.589026 20.601706 20.613382 20.624116 20.633968 20.642994 20.651248 20.658783 20.665647 20.671886 20.677545 20.682663 20.687281 20.691435 20.695157 20.69848 20.701435 20.704047 20.706344 20.708349 20.710084
19.299887 19.292379 19.29311 19.302226 19.319303 19.343555 19.37402 19.409693 19.449606 19.492868 19.538679 19.586334 19.635217 19.684793 19.734599 19.784236 19.833364 19.881694 19.928983 19.975031 20.019674 20.062784 20.104261 20.144033 20.182052 20.21829 20.252738 20.285402 20.316303 20.345471 20.372946 20.398776 20.423014 20.44572 20.466953 20.486778 20.505259 20.522462 20.538452 20.553294 20.567051 20.579785 20.591556 20.602421 20.612436 20.621655 20.630128 20.637904 20.645029 20.651547 20.657498 20.662921 20.667852 20.672327 20.676377 20.680032 20.683321 20.686269 20.688903 20.691244
19.209176 19.200735 19.202388 19.21381 19.234071 19.261942 19.296121 19.335372 19.378588 19.424809 19.473219 19.523125 19.573944 19.62518 19.676415 19.727295 19.777519 19.826835 19.875031 19.921933 19.9674 20.01132 20.053607 20.094199 20.133053 20.170148 20.205477 20.239045 20.270874 20.30099 20.329434 20.356248 20.381484 20.405197 20.427443 20.448284 20.46778 20.485995 20.50299 20.518827 20.533567 20.54727 20.559994 20.571795 20.582727 20.592842 20.602191 20.61082 20.618776 20.626101 20.632836 20.639021 20.644691 20.64988 20.654622 20.658946 20.662882 20.666456 20.669692 20.672616
19.108008 19.100521 19.105106 19.120782 19.145992 19.179002 19.218158 19.262005 19.309328 19.359132 19.410613 19.463121 19.516128 19.569198 19.621973 19.674154 19.725491 19.775775 19.824833 19.872522 19.918726 19.963355 20.00634 20.047629 20.087192 20.125011 20.161083 20.195419 20.228037 20.258966 20.288242 20.315909 20.342014 20.366608 20.389747 20.411488 20.431888 20.451008 20.468906 20.485643 20.501276 20.515862 20.529458 20.542118 20.553895 20.56484 20.575001 20.584425 20.593157 20.601239 20.608712 20.615614 20.621981 20.627847 20.633246 20.638207 20.642759 20.64693 20.650745 20.654227
19.001329 18.996423 19.005536 19.026913 19.058303 19.097452 19.142364 19.1914 19.243265 19.296965 19.351734 19.406985 19.462263 19.517205 19.571522 19.624978 19.677379 19.728564 19.778401 19.826782 19.873618 19.918843 19.962404 20.004266 20.044408 20.08282 20.119504 20.154473 20.187748 20.219359 20.24934 20.277733 20.304584 20.329941 20.353857 20.376386 20.397584 20.417507 20.436212 20.453755 20.470192 20.485578 20.499968 20.513413 20.525966 20.537674 20.548586 20.558747 20.568201 20.576989 20.585152 20.592727 20.59975 20.606256 20.612276 20.617841 20.622979 20.627719 20.632085 20.636102
18.896203 18.894902 18.909372 18.937063 18.975051 19.020593 19.071393 19.125659 19.182051 19.239588 19.297563 19.355461 19.412903 19.469605 19.525349 19.579962 19.633307 19.685271 19.735763 19.78471 19.832051 19.877743 19.921751 19.964055 20.004644 20.043518 20.080683 20.116156 20.149961 20.182127 20.21269 20.241688 20.269167 20.295174 20.319757 20.342969 20.364862 20.385491 20.404908 20.423168 20.440325 20.456431 20.471538 20.485697 20.498956 20.511364 20.522966 20.533807 20.543929 20.553374 20.56218 20.570385 20.578023 20.585129 20.591735 20.597871 20.603565 20.608845 20.613736 20.618262
18.800657 18.803176 18.822858 18.856472 18.900527 18.951878 19.007984 19.066934 19.127354 19.188289 19.249082 19.309287 19.368598 19.426799 19.483737 19.539298 19.593396 19.645964 19.696947 19.746303 19.794 19.840014 19.88433 19.926939 19.967842 20.007045 20.044562 20.080414 20.114624 20.147225 20.17825 20.207739 20.235734 20.262281 20.287427 20.31122 20.333712 20.354952 20.374993 20.393885 20.41168 20.428427 20.444178 20.458979 20.472879 20.485924 20.498157 20.509623 20.520362 20.530413 20.539817 20.548607 20.556821 20.564489 20.571645 20.578318 20.584537 20.590328 20.595717 20.600728
18.722012 18.727788 18.751627 18.789845 18.838572 18.894387 18.954574 19.01713 19.080655 19.144204 19.207157 19.269116 19.329828 19.389134 19.446929 19.503149 19.557748 19.610694 19.661967 19.71155 19.759433 19.805612 19.850085 19.892857 19.933937 19.973339 20.011081 20.047186 20.081682 20.1146 20.145975 20.175844 20.204249 20.231233 20.256841 20.281119 20.304116 20.325879 20.346457 20.365899 20.384253 20.401568 20.417891 20.433268 20.447745 20.461365 20.474173 20.486208 20.497512 20.508123 20.518077 20.527412 20.536159 20.544353 20.552024 20.559202 20.565914 20.572187 20.578046 20.583517
18.665322 18.673269 18.699614 18.740509 18.791936 18.850353 18.912949 18.977661 19.043057 19.108185 19.172435 19.235432 19.296951 19.356864 19.4151 19.471624 19.52642 19.579484 19.630816 19.680421 19.728306 19.77448 19.818954 19.861743 19.902862 19.942331 19.980172 20.016411 20.051076 20.084198 20.115813 20.145958 20.17467 20.201993 20.227968 20.252639 20.276052 20.298253 20.319287 20.339201 20.35804 20.375851 20.392677 20.408565 20.423557 20.437694 20.45102 20.463573 20.475392 20.486514 20.496976 20.506812 20.516054 20.524736 20.532887 20.540536 20.547711 20.554437 20.560741 20.566645
18.632531 18.641412 18.668452 18.709922 18.761897 18.820867 18.884023 18.949274 19.01516 19.080702 19.145278 19.208504 19.270158 19.330118 19.388326 19.44476 19.499418 19.552311 19.603453 19.65286 19.700552 19.746546 19.790862 19.833519 19.87454 19.913946 19.951763 19.988018 20.022739 20.055959 20.08771 20.118029 20.146953 20.17452 20.200772 20.22575 20.249496 20.272053 20.293466 20.313776 20.333029 20.351267 20.368532 20.384868 20.400315 20.414913 20.428703 20.441722 20.454008 20.465596 20.476522 20.486818 20.496517 20.50565 20.514247 20.522335 20.529941 20.537093 20.543813 20.550126
18.622596 18.631336 18.657483 18.697656 18.748212 18.805828 18.867782 18.932004 18.997017 19.061811 19.125728 19.188357 19.249454 19.308882 19.366575 19.422509 19.476681 19.529105 19.579799 19.628785 19.676084 19.721721 19.765718 19.808097 19.848883 19.888101 19.925775 19.961933 19.996603 20.029817 20.061606 20.092005 20.121047 20.148771 20.175215 20.200416 20.224416 20.247253 20.26897 20.289607 20.309205 20.327805 20.345447 20.362171 20.378016 20.393021 20.407223 20.420659 20.433365 20.445375 20.456722 20.467439 20.477556 20.487105 20.496113 20.504609 20.512618 20.520165 20.527276 20.533972
18.632319 18.640176 18.664295 18.701773 18.749386 18.804111 18.863393 18.925238 18.988175 19.051168 19.113521 19.174778 19.234659 19.292998 19.349705 19.404737 19.458082 19.509744 19.559737 19.608078 19.654791 19.699897 19.743417 19.785376 19.825797 19.864704 19.902121 19.938074 19.972592 20.005703 20.037436 20.067824 20.0969 20.124697 20.151252 20.1766 20.200778 20.223824 20.245776 20.266672 20.286551 20.305451 20.32341 20.340466 20.356655 20.372014 20.386579 20.400384 20.413465 20.425853 20.43758 20.448679 20.459179 20.469108 20.478495 20.487366 20.495748 20.503664 20.511139 20.518194
18.65741 18.664012 18.685473 18.719415 18.763101 18.813876 18.869421 18.927863 18.987771 19.048103 19.108126 19.167344 19.22543 19.28218 19.33747 19.391232 19.44343 19.494055 19.543106 19.590595 19.636535 19.680944 19.72384 19.765244 19.805175 19.843656 19.880708 19.916356 19.950625 19.983541 20.015132 20.045426 20.074453 20.102246 20.128837 20.154258 20.178545 20.201731 20.223853 20.244946 20.265045 20.284187 20.302406 20.319739 20.33622 20.351884 20.366764 20.380893 20.394305 20.40703 20.419099 20.430542 20.441388 20.451664 20.461398 20.470615 20.47934 20.487597 20.49541 20.502799
18.693418 18.698698 18.717308 18.74738 18.78667 18.832919 18.884085 18.938454 18.994672 19.051712 19.108821 19.165469 19.221288 19.276031 19.329538 19.381707 19.432479 19.481819 19.529714 19.576159 19.621157 19.664717 19.706852 19.747575 19.786901 19.82485 19.861438 19.896687 19.930618 19.963255 19.994621 20.024743 20.053647 20.081363 20.107919 20.133347 20.157676 20.18094 20.20317 20.224399 20.244662 20.26399 20.282417 20.299976 20.3167 20.332621 20.347771 20.362181 20.375882 20.388905 20.401277 20.413028 20.424185 20.434776 20.444825 20.454358 20.463398 20.47197 20.480095 20.487795
18.736329 18.740432 18.756317 18.782571 18.817412 18.858971 18.905494 18.955456 19.007606 19.060958 19.114762 19.168464 19.221664 19.274077 19.325509 19.375824 19.424935 19.472784 19.519336 19.564571 19.608478 19.651055 19.692305 19.732234 19.770852 19.808171 19.844205 19.878969 19.912481 19.94476 19.975827 20.005706 20.034418 20.06199 20.088447 20.113817 20.138129 20.161411 20.183692 20.205003 20.225375 20.244838 20.263422 20.28116 20.29808 20.314213 20.32959 20.34424 20.358191 20.371472 20.384112 20.396136 20.407572 20.418444 20.428779 20.438599 20.447927 20.456788 20.465201 20.473187
18.782851 18.786041 18.799524 18.822272 18.852905 18.889915 18.931833 18.977333 19.025286 19.074769 19.125056 19.175585 19.225937 19.275799 19.324944 19.373209 19.420478 19.466669 19.511727 19.555613 19.598303 19.639781 19.680041 19.719079 19.756897 19.793501 19.828898 19.863101 19.89612 19.927972 19.958673 19.988242 20.016699 20.044066 20.070365 20.095621 20.119858 20.143103 20.165383 20.186724 20.207156 20.226705 20.2454 20.263269 20.280342 20.296646 20.312209 20.327058 20.341222 20.354726 20.367598 20.379862 20.391545 20.402669 20.413259 20.423338 20.432929 20.442052 20.450729 20.45898
18.830478 18.83307 18.844571 18.864264 18.891109 18.923917 18.961481 19.002672 19.046495 19.092108 19.138821 19.186087 19.233475 19.280658 19.327385 19.373467 19.418766 19.463178 19.506627 19.549057 19.590428 19.630714 19.669895 19.707959 19.744899 19.780714 19.815405 19.848978 19.881441 19.912803 19.943078 19.972279 20.000424 20.02753 20.053616 20.078705 20.102816 20.125975 20.148204 20.169528 20.189972 20.209562 20.228324 20.246284 20.263468 20.279902 20.295613 20.310625 20.324966 20.338659 20.351729 20.364202 20.3761 20.387447 20.398265 20.408577 20.418403 20.427765 20.436682 20.445175
18.877425 18.879735 18.8897 18.906846 18.930412 18.959477 18.99307 19.030248 19.070151 19.112025 19.155235 19.199256 19.243665 19.288125 19.332373 19.376203 19.419455 19.462008 19.503769 19.544666 19.584645 19.623666 19.661698 19.698721 19.734719 19.769684 19.80361 19.836496 19.868346 19.899164 19.928958 19.95774 19.985522 20.012317 20.038143 20.063016 20.086956 20.109982 20.132115 20.153378 20.173792 20.193382 20.21217 20.230181 20.247437 20.263965 20.279787 20.294927 20.30941 20.323259 20.336497 20.349148 20.361233 20.372774 20.383793 20.394312 20.404349 20.413926 20.423061 20.431774
18.922508 18.924825 18.93368 18.948784 18.969599 18.995427 19.0255 19.059044 19.095328 19.133692 19.17356 19.214443 19.255934 19.297699 19.33947 19.38103 19.422206 19.462862 19.50289 19.542205 19.580742 19.618447 19.65528 19.691212 19.726218 19.760283 19.793394 19.825546 19.856736 19.886963 19.916233 19.94455 19.971924 19.998365 20.023886 20.048501 20.072226 20.095078 20.117075 20.138236 20.158582 20.178133 20.196909 20.214934 20.232228 20.248813 20.264713 20.279949 20.294542 20.308517 20.321893 20.334692 20.346936 20.358645 20.36984 20.38054 20.390765 20.400534 20.409866 20.418777
18.965013 18.967583 18.975708 18.989239 19.00781 19.030906 19.057929 19.088254 19.12127 19.156409 19.193159 19.231072 19.269767 19.308922 19.348268 19.387586 19.426696 19.465451 19.503733 19.541446 19.578513 19.614872 19.650473 19.685278 19.719256 19.752384 19.784644 19.816023 19.846514 19.876112 19.904817 19.932631 19.959558 19.985607 20.010785 20.035104 20.058577 20.081218 20.103042 20.124065 20.144306 20.163783 20.182513 20.200518 20.217816 20.234427 20.250373 20.265673 20.280348 20.294418 20.307904 20.320825 20.333202 20.345053 20.356399 20.367258 20.377648 20.387587 20.397093 20.406183
