dados_process/media_preci.asc
NCOLS 125
NROWS 83
XLLCORNER -41370.2
YLLCORNER 94214.4
CELLSIZE 250
NODATA_VALUE -9999
[rows 50 to 74 of 83, columns 55 to 109 of 125]
0.0064503553 0.0064484827 0.0070485564 0.0082841483 0.010164783 0.012673574 0.015767394 0.019379717 0.023425774 0.027809228 0.032429362 0.037187755 0.041993702 0.046767942 0.051444647 0.055971885 0.06031093 0.064434838 0.068326653 0.071977544 0.075385039 0.078551483 0.081482754 0.084187225 0.086674955 0.088957069 0.091045293 0.092951606 0.094687983 0.096266204 0.097697716 0.09899354 0.1001642 0.10121966 0.10216935 0.10302207 0.10378608 0.10446904 0.10507804 0.10561966 0.10609993 0.1065244 0.10689817 0.10722589 0.10751181 0.10775982 0.10797344 0.10815589 0.10831009 0.1084387 0.10854412 0.10862854 0.10869395 0.10874215 0.10877476
0.0040662135 0.0039911635 0.0045432759 0.0057599362 0.007652062 0.01020122 0.013359727 0.017053949 0.021190391 0.025663575 0.030364441 0.035188011 0.040039395 0.044837668 0.049517634 0.054029802 0.058339102 0.062422864 0.066268513 0.069871311 0.073232347 0.076356849 0.079252862 0.081930234 0.08439988 0.086673259 0.088762006 0.09067769 0.092431641 0.094034847 0.09549788 0.09683085 0.098043374 0.099144563 0.10014302 0.10104681 0.10186353 0.10260025 0.10326355 0.10385956 0.10439394 0.10487195 0.10529841 0.10567779 0.10601417 0.10631131 0.10657265 0.10680134 0.10700028 0.10717209 0.10731919 0.10744376 0.10754781 0.10763318 0.10770153
0.0022308135 0.0020955712 0.0026129623 0.0038252138 0.0057454131 0.0083538343 0.011597801 0.015395452 0.019642928 0.024223758 0.029018812 0.033915227 0.038813163 0.043629862 0.048301095 0.052780519 0.057037639 0.061055052 0.064825529 0.068349312 0.071631811 0.074681777 0.077509943 0.08012805 0.082548197 0.084782426 0.086842475 0.088739635 0.090484693 0.092087902 0.093558985 0.094907145 0.09614108 0.097269001 0.098298649 0.099237307 0.10009182 0.1008686 0.10157366 0.10221259 0.10279063 0.10331264 0.10378313 0.10420627 0.10458595 0.10492572 0.1052289 0.10549851 0.10573735 0.10594799 0.10613279 0.10629392 0.10643337 0.10655297 0.10665439
0.00096851577 0.00078697342 0.0012832856 0.0025056959 0.0044704449 0.0071568912 0.010506929 0.014429196 0.018807578 0.02351248 0.028412776 0.033386346 0.038327768 0.04315254 0.047798085 0.052222266 0.056400381 0.060321506 0.063984857 0.067396577 0.070567134 0.073509368 0.076237113 0.078764305 0.081104435 0.083270274 0.08527375 0.087125939 0.088837108 0.090416785 0.091873834 0.093216529 0.094452615 0.095589358 0.096633591 0.097591743 0.098469865 0.099273651 0.10000845 0.1006793 0.1012909 0.10184768 0.10235375 0.10281297 0.10322892 0.10360494 0.10394412 0.10424934 0.10452326 0.10476835 0.10498688 0.10518095 0.10535251 0.10550335 0.10563512
0.00031406337 0.00010333363 0.00059475953 0.0018438779 0.0038711783 0.0066555253 0.010132884 0.014200908 0.018729011 0.023572041 0.028584776 0.033634524 0.038609921 0.043425267 0.048020832 0.052360226 0.056426151 0.060215639 0.063735579 0.066998957 0.070021979 0.072822019 0.075416292 0.077821074 0.080051316 0.082120524 0.084040798 0.085822956 0.0874767 0.089010778 0.090433141 0.091751079 0.092971327 0.094100152 0.09514342 0.096106648 0.096995037 0.097813499 0.098566678 0.099258964 0.0998945 0.1004772 0.10101074 0.1014986 0.10194401 0.10235005 0.10271954 0.10305518 0.10335943 0.10363463 0.10388292 0.10410633 0.1043067 0.10448578 0.10464516
0.00031267124 9.5981301e-05 0.00060421795 0.0019013139 0.0040129315 0.006917848 0.010545439 0.014780572 0.01947559 0.024467033 0.029593412 0.034710375 0.039700793 0.044479016 0.048990093 0.053205568 0.057117629 0.060733013 0.064067611 0.067142166 0.069979169 0.072600804 0.075027747 0.07727857 0.07936957 0.081314843 0.083126506 0.084814973 0.086389246 0.087857174 0.089225693 0.090501017 0.091688791 0.092794211 0.093822112 0.094777036 0.095663277 0.096484912 0.097245822 0.097949706 0.098600091 0.099200336 0.099753637 0.10026303 0.10073139 0.10116144 0.10155575 0.10191675 0.10224671 0.10254778 0.10282196 0.10307113 0.10329706 0.10350139 0.10368565
0.0010182346 0.00082912714 0.0013850448 0.0027594466 0.0049838861 0.0080371126 0.01184086 0.016264932 0.021141533 0.026285875 0.031518139 0.036681792 0.041655022 0.046354542 0.050733127 0.054773238 0.058479144 0.061869284 0.064969895 0.06781025 0.070419454 0.072824515 0.075049385 0.077114649 0.07903762 0.080832663 0.082511613 0.084084219 0.085558556 0.086941392 0.088238491 0.089454867 0.090594969 0.091662836 0.092662198 0.093596559 0.094469249 0.095283457 0.096042252 0.096748602 0.097405371 0.098015325 0.098581134 0.099105365 0.099590483 0.10003885 0.10045272 0.10083423 0.10118544 0.10150828 0.10180457 0.10207605 0.10232434 0.10255099 0.10275744
0.0024897474 0.0023756354 0.0030239087 0.0045174747 0.0068938992 0.010131283 0.014141928 0.018777562 0.023846616 0.029139812 0.034457398 0.039631196 0.044537249 0.049098484 0.053279656 0.05707805 0.060513107 0.063617083 0.066427775 0.068983469 0.071319849 0.073468398 0.075455827 0.077304156 0.079031151 0.080650926 0.082174588 0.083610839 0.084966522 0.086247068 0.087456876 0.088599598 0.089678365 0.090695958 0.091654922 0.092557658 0.093406476 0.09420363 0.094951337 0.09565179 0.096307158 0.096919583 0.097491174 0.098024 0.098520086 0.0989814 0.099409855 0.099807296 0.1001755 0.10051617 0.10083095 0.10112138 0.10138895 0.10163507 0.10186107
0.0047832597 0.0048097661 0.005613434 0.007285549 0.0098684594 0.013337701 0.017593067 0.022464075 0.027731066 0.03315719 0.038522162 0.043648495 0.04841481 0.052756158 0.056655121 0.060128665 0.063214843 0.065961752 0.068419586 0.070635634 0.072651619 0.074502674 0.076217352 0.077818207 0.07932264 0.080743806 0.082091487 0.083372861 0.084593149 0.085756148 0.086864651 0.08792077 0.08892618 0.089882295 0.090790395 0.091651713 0.092467487 0.093238993 0.093967562 0.094654583 0.095301501 0.095909804 0.09648102 0.097016697 0.097518395 0.097987672 0.098426074 0.098835125 0.099216319 0.099571113 0.099900921 0.10020711 0.10049099 0.10075383 0.10099684
0.0079406109 0.0081944822 0.0092389395 0.011171104 0.014035007 0.017799615 0.022347075 0.027478883 0.032942143 0.038469776 0.043822155 0.048817567 0.053344945 0.057359961 0.060870595 0.063919146 0.066565772 0.068875993 0.070912575 0.072731084 0.074378082 0.075890982 0.077298829 0.078623485 0.079880924 0.081082467 0.082235861 0.083346193 0.084416628 0.085448991 0.086444217 0.087402685 0.08832447 0.089209514 0.090057754 0.090869194 0.091643957 0.092382309 0.093084664 0.093751586 0.094383775 0.094982053 0.095547345 0.096080664 0.09658309 0.097055756 0.097499826 0.097916488 0.098306938 0.098672368 0.099013962 0.099332879 0.099630259 0.099907206 0.10016479
0.011974384 0.012563621 0.013958011 0.016256309 0.019498773 0.023640931 0.028539243 0.033959046 0.039608086 0.045187309 0.050441636 0.055193994 0.059355122 0.062912665 0.06590914 0.06841822 0.070525217 0.072313803 0.07385852 0.075221593 0.076452487 0.077588968 0.078658814 0.079681689 0.080670902 0.08163494 0.082578739 0.083504692 0.084413453 0.08530453 0.086176746 0.087028565 0.087858326 0.088664406 0.089445327 0.09019982 0.090926858 0.091625673 0.092295748 0.092936808 0.093548797 0.09413186 0.094686317 0.095212633 0.095711403 0.096183321 0.096629166 0.097049778 0.097446046 0.097818888 0.098169245 0.098498063 0.098806292 0.09909487 0.099364722
0.016850966 0.017900286 0.019773921 0.022566604 0.026306913 0.03092682 0.036245576 0.041981474 0.047795813 0.053357238 0.058402662 0.062772995 0.066416277 0.069366044 0.071709424 0.073557165 0.075021749 0.076204473 0.077189692 0.078043737 0.078816361 0.079543291 0.080249 0.080949286 0.08165347 0.082366184 0.083088769 0.083820345 0.084558618 0.085300471 0.086042388 0.086780756 0.087512071 0.088233069 0.088940811 0.089632722 0.090306611 0.090960663 0.091593425 0.092203782 0.092790926 0.093354324 0.093893687 0.094408939 0.094900183 0.095367677 0.095811808 0.096233066 0.096632028 0.097009332 0.097365672 0.097701774 0.09801839 0.098316285 0.098596233
0.0224753 0.024115494 0.026607044 0.030034201 0.034404124 0.03961237 0.045426377 0.051504151 0.057452944 0.062910699 0.067617539 0.071449883 0.074411677 0.07659758 0.078149092 0.079218462 0.079945762 0.080447937 0.080816093 0.08111737 0.081398767 0.081691373 0.082014255 0.082377705 0.082785805 0.083238395 0.083732536 0.084263577 0.084825924 0.085413583 0.086020532 0.086640972 0.087269483 0.087901119 0.08853146 0.089156618 0.089773239 0.09037847 0.090969932 0.091545683 0.092104171 0.092644199 0.093164878 0.093665596 0.094145973 0.094605835 0.09504518 0.09546415 0.095863007 0.096242114 0.096601911 0.096942902 0.097265641 0.097570714 0.097858737
0.028682397 0.031033705 0.034272485 0.038466128 0.043590218 0.049490156 0.055866005 0.062301897 0.068344381 0.073604562 0.077839783 0.08098155 0.083108752 0.084391237 0.085032546 0.085228611 0.085145679 0.084913129 0.084625079 0.084345947 0.084116965 0.083962183 0.083893421 0.083914093 0.084022046 0.084211622 0.084475103 0.084803729 0.085188384 0.085620055 0.086090129 0.086590575 0.087114042 0.087653908 0.088204281 0.088759988 0.089316532 0.089870053 0.090417273 0.090955446 0.091482302 0.091995998 0.092495068 0.092978376 0.093445077 0.093894572 0.094326481 0.094740603 0.095136893 0.095515438 0.09587643 0.09622015 0.096546951 0.096857243 0.097151481
0.035240616 0.03839275 0.042474608 0.047531173 0.053497735 0.060158041 0.067132381 0.073921244 0.080007538 0.084981879 0.088633064 0.090964945 0.092146244 0.092431357 0.092089419 0.091359337 0.090430529 0.08944104 0.088484404 0.08761929 0.086878817 0.08627827 0.085820995 0.085502693 0.085314426 0.085244683 0.085280763 0.085409681 0.085618751 0.085895937 0.086230058 0.086610893 0.087029211 0.087476764 0.08794625 0.088431259 0.088926211 0.089426282 0.089927341 0.090425879 0.090918945 0.091404083 0.091879274 0.092342888 0.092793628 0.093230493 0.093652736 0.094059827 0.094451423 0.094827342 0.095187532 0.095532057 0.095861074 0.096174814 0.096473573
0.041869204 0.045863121 0.050827115 0.056779352 0.063609236 0.071033118 0.078587408 0.085688521 0.091760254 0.096381704 0.09938393 0.10085235 0.10105078 0.10031905 0.098989639 0.097340676 0.095580846 0.09385354 0.092249205 0.090819055 0.089587027 0.088559032 0.087729658 0.087086809 0.086614797 0.086296372 0.08611399 0.086050605 0.08609012 0.086217633 0.08641954 0.086683564 0.086998717 0.087355238 0.087744515 0.088158993 0.088592084 0.089038076 0.089492047 0.089949781 0.090407693 0.090862757 0.091312439 0.091754644 0.092187655 0.092610089 0.093020851 0.0934191 0.093804208 0.094175734 0.094533394 0.09487704 0.095206637 0.095522245 0.095824001
0.048267999 0.053085261 0.058899166 0.065697762 0.07332309 0.081426618 0.089469004 0.09679588 0.10278693 0.10702128 0.10937653 0.11001625 0.10929082 0.10761548 0.10537713 0.10288664 0.10036793 0.09796768 0.095772579 0.093826541 0.092144911 0.090725008 0.089553481 0.088611208 0.087876457 0.087326846 0.08694052 0.086696815 0.086576605 0.08656244 0.08663857 0.086790891 0.087006854 0.087275356 0.087586619 0.087932066 0.088304213 0.08869655 0.089103446 0.089520048 0.089942198 0.09036635 0.090789505 0.091209138 0.091623145 0.092029792 0.092427662 0.09281562 0.093192771 0.093558432 0.093912097 0.094253416 0.094582171 0.094898255 0.095201655
0.054152487 0.059716124 0.066276827 0.073790374 0.082054349 0.090666489 0.09903251 0.10645452 0.11229338 0.11614182 0.11792093 0.11785573 0.11636072 0.11390578 0.11091718 0.10772969 0.10457864 0.10161346 0.098918307 0.096531826 0.094463001 0.092702678 0.091231437 0.090024728 0.089056094 0.088299104 0.087728471 0.087320632 0.087054011 0.086909088 0.086868351 0.086916193 0.087038771 0.087223858 0.087460696 0.087739847 0.08805306 0.088393143 0.088753851 0.089129777 0.089516261 0.089909303 0.090305485 0.090701903 0.091096104 0.091486033 0.091869983 0.092246549 0.09261459 0.092973197 0.093321658 0.093659434 0.093986134 0.094301491 0.094605351
0.059285295 0.065472069 0.072621403 0.080656307 0.08933686 0.098225064 0.10670144 0.11406076 0.11967628 0.12316831 0.12449307 0.12391146 0.12187038 0.11886632 0.11534546 0.11165587 0.1080404 0.10465154 0.10157341 0.098842716 0.09646546 0.094429099 0.092710797 0.091282778 0.09011565 0.089180382 0.088449413 0.087897205 0.087500479 0.08723824 0.087091699 0.087044137 0.08708074 0.087188424 0.087355669 0.087572358 0.087829628 0.088119737 0.088435935 0.088772356 0.08912392 0.089486238 0.089855535 0.090228577 0.090602607 0.090975289 0.091344654 0.091709056 0.092067133 0.092417769 0.092760065 0.093093304 0.093416937 0.093730549 0.094033849
0.06349692 0.070156974 0.077707682 0.086041148 0.094890234 0.10380275 0.11216634 0.11930535 0.12463551 0.12781675 0.12883019 0.12794552 0.1256087 0.12231319 0.11850414 0.11453119 0.1106402 0.1069869 0.10365801 0.10069186 0.098095253 0.095855691 0.093949912 0.092349403 0.091023875 0.089943338 0.089079271 0.088405217 0.087897036 0.087532933 0.087293392 0.087161022 0.087120395 0.087157869 0.087261405 0.087420411 0.087625583 0.087868766 0.088142831 0.088441553 0.088759519 0.089092027 0.089435008 0.089784955 0.090138853 0.090494125 0.090848576 0.09120035 0.09154789 0.091889896 0.092225297 0.092553221 0.092872969 0.093183993 0.093485875
0.066693053 0.073671061 0.081434589 0.089849457 0.098633728 0.10734247 0.11539908 0.12218738 0.1271882 0.13010907 0.13094693 0.12995803 0.12755981 0.12421706 0.1203547 0.11631222 0.1123332 0.10857564 0.10513053 0.10204079 0.099317223 0.096950592 0.094920022 0.093198685 0.091757407 0.090566888 0.089598985 0.088827403 0.088228008 0.087778916 0.087460444 0.087254998 0.087146916 0.087122302 0.087168859 0.087275731 0.087433352 0.087633305 0.087868206 0.088131581 0.088417774 0.088721849 0.089039511 0.089367037 0.089701204 0.090039236 0.090378753 0.090717719 0.091054407 0.09138736 0.091715357 0.092037386 0.092352616 0.092660376 0.092960135
0.068850423 0.076003147 0.08381206 0.092123734 0.10065441 0.10898471 0.11659458 0.12294604 0.12759719 0.13030599 0.13107864 0.13014391 0.12787282 0.12468365 0.12096629 0.1170398 0.1131396 0.10942374 0.10598761 0.10288024 0.10011869 0.097699309 0.095605885 0.093815305 0.092301264 0.09103663 0.089994866 0.089150847 0.088481277 0.087964854 0.087582287 0.08731623 0.08715116 0.087073239 0.087070168 0.08713104 0.087246204 0.087407138 0.087606326 0.087837158 0.088093825 0.088371238 0.088664946 0.088971066 0.089286222 0.089607483 0.089932319 0.09025855 0.09058431 0.090908007 0.091228292 0.091544032 0.091854281 0.092158261 0.092455335
0.070005717 0.077213171 0.08493448 0.093005404 0.10115223 0.10899442 0.11608009 0.12195671 0.12626182 0.12880206 0.12958873 0.12881712 0.126804 0.12391202 0.12048698 0.11681982 0.1131323 0.10957927 0.10625919 0.10322728 0.10050771 0.098103717 0.096005226 0.094194268 0.092648732 0.091344825 0.090258629 0.089367051 0.08864835 0.088082412 0.087650843 0.087336961 0.087125733 0.087003669 0.086958711 0.086980109 0.087058303 0.087184806 0.087352102 0.087553546 0.087783273 0.088036118 0.088307543 0.088593565 0.088890702 0.089195918 0.089506569 0.089820365 0.09013533 0.090449764 0.090762212 0.09107144 0.091376404 0.09167623 0.091970195
0.070242123 0.077411981 0.084951282 0.092693481 0.10038435 0.10768993 0.11422987 0.11963518 0.12361764 0.12602767 0.1268793 0.12633426 0.12465506 0.12214717 0.11910884 0.11579837 0.11241954 0.10912053 0.10600061 0.10311994 0.10050952 0.09817973 0.096127207 0.094339901 0.092800712 0.091489976 0.090387128 0.089471758 0.08872426 0.088126199 0.087660501 0.087311512 0.087064993 0.086908066 0.086829134 0.086817791 0.086864729 0.086961636 0.087101113 0.087276582 0.08748221 0.087712833 0.087963888 0.088231354 0.088511695 0.088801806 0.089098974 0.089400832 0.089705321 0.090010659 0.09031531 0.090617956 0.090917473 0.091212908 0.091503461
0.06967647 0.076742971 0.084041516 0.091410651 0.098621961 0.10539073 0.11140526 0.1163724 0.12006881 0.12238211 0.12332784 0.12303747 0.12172421 0.11963993 0.11703633 0.11413773 0.11112721 0.10814327 0.10528339 0.1026108 0.10016206 0.097954143 0.095990229 0.094264326 0.092764655 0.091476085 0.090381834 0.089464602 0.088707317 0.088093593 0.087608001 0.087236201 0.086965004 0.086782361 0.086677327 0.086640006 0.086661483 0.086733746 0.08684962 0.087002689 0.087187232 0.087398157 0.087630941 0.087881576 0.08814652 0.088422646 0.088707206 0.088997785 0.089292275 0.089588837 0.089885873 0.090182003 0.090476039 0.090766965 0.091053919
