dados_process/media_preci.asc
NCOLS 125
NROWS 83
XLLCORNER -41370.2
YLLCORNER 94214.4
CELLSIZE 250
NODATA_VALUE -9999
[rows 0 to 24 of 83, columns 0 to 54 of 125]
0.09307002 0.093256711 0.09344476 0.093633717 0.093823064 0.094012211 0.094200483 0.094387116 0.094571245 0.094751891 0.094927952 0.095098191 0.095261218 0.09541548 0.095559241 0.095690571 0.095807326 0.095907129 0.095987361 0.096045136 0.096077293 0.096080383 0.096050664 0.095984099 0.095876363 0.095722868 0.095518796 0.09525916 0.094938887 0.094552941 0.094096486 0.093565104 0.092955081 0.092263771 0.091490042 0.090634837 0.089701827 0.088698182 0.087635424 0.086530352 0.085405961 0.084292291 0.08322706 0.082255929 0.081432217 0.080815844 0.080471353 0.080464896 0.08086022 0.081713874 0.083070058 0.084955695 0.087376432 0.090314208 0.093726841
0.092783944 0.092972191 0.093162189 0.093353515 0.09354568 0.093738125 0.093930207 0.094121194 0.094310253 0.094496439 0.094678682 0.094855777 0.095026363 0.095188915 0.095341723 0.095482875 0.09561024 0.095721447 0.095813871 0.095884609 0.095930466 0.095947941 0.095933215 0.095882145 0.095790271 0.095652828 0.095464779 0.095220865 0.094915684 0.094543809 0.094099945 0.093579146 0.092977101 0.092290504 0.091517516 0.090658346 0.089715946 0.088696834 0.08761202 0.086478034 0.08531796 0.084162428 0.083050397 0.082029568 0.08115621 0.080494165 0.080112809 0.080083861 0.080477022 0.081354688 0.082766178 0.084742161 0.087290083 0.090391327 0.094000674
0.092488303 0.092677961 0.092869781 0.093063373 0.093258284 0.093453988 0.093649882 0.093845273 0.094039368 0.094231265 0.094419938 0.094604225 0.094782809 0.09495421 0.095116759 0.095268585 0.095407594 0.095531447 0.095637544 0.095722999 0.095784622 0.095818902 0.095821994 0.095789705 0.095717501 0.095600507 0.095433542 0.095211158 0.094927715 0.094577489 0.09415483 0.09365437 0.093071309 0.092401787 0.091643357 0.090795582 0.089860761 0.088844789 0.087758159 0.086617059 0.085444525 0.084271549 0.083138011 0.082093229 0.081195906 0.080513198 0.08011866 0.080088906 0.080498956 0.081416507 0.082895599 0.08497044 0.087650267 0.090916121 0.094720147
0.092182615 0.092373494 0.092566963 0.092762668 0.092960195 0.09315906 0.093358703 0.093558478 0.093757642 0.093955342 0.094150607 0.09434233 0.094529256 0.09470996 0.094882837 0.095046076 0.095197644 0.095335263 0.095456389 0.095558187 0.095637514 0.095690898 0.095714516 0.095704188 0.09565537 0.095563156 0.095422303 0.095227267 0.094972274 0.094651419 0.094258817 0.09378881 0.093236245 0.092596852 0.091867715 0.091047884 0.090139116 0.089146775 0.088080877 0.086957252 0.085798785 0.08463663 0.083511261 0.082473149 0.081582817 0.080909986 0.080531526 0.080528011 0.080978852 0.0819562 0.083518149 0.085702039 0.088518816 0.091949438 0.095943997
0.091866395 0.092058258 0.092253152 0.092450762 0.092650717 0.09285258 0.09305584 0.093259904 0.093464084 0.09366759 0.093869513 0.094068816 0.094264313 0.094454656 0.094638319 0.094813573 0.094978471 0.09513082 0.095268165 0.095387762 0.095486554 0.095561153 0.095607819 0.095622442 0.09560054 0.095537256 0.095427377 0.095265365 0.095045424 0.094761594 0.094407895 0.09397853 0.093468157 0.092872263 0.092187639 0.091412991 0.090549699 0.08960273 0.088581716 0.087502161 0.086386744 0.085266613 0.084182519 0.083185597 0.082337519 0.081709704 0.0813813 0.081435692 0.081955487 0.08301618 0.084679007 0.08698385 0.089943206 0.093538255 0.097717791
0.091539163 0.091731725 0.091927766 0.092127015 0.092329147 0.092533776 0.092740445 0.092948619 0.093157676 0.093366893 0.093575435 0.093782343 0.093986516 0.094186698 0.094381457 0.094569168 0.094747991 0.094915849 0.095070405 0.095209039 0.095328826 0.095426509 0.095498482 0.095540772 0.095549031 0.095518533 0.095444186 0.095320566 0.095141976 0.094902535 0.094596317 0.094217549 0.093760879 0.093221742 0.092596836 0.091884726 0.091086606 0.090207223 0.08925596 0.088248074 0.087206027 0.08616082 0.085153189 0.084234452 0.08346672 0.08292218 0.082681113 0.082828407 0.083448495 0.084618896 0.086402897 0.088842203 0.091950637 0.095709947 0.10006853
0.091200445 0.09139337 0.091590226 0.091790788 0.09199478 0.09220187 0.09241166 0.092623681 0.092837379 0.093052106 0.093267112 0.093481526 0.093694343 0.093904411 0.094110411 0.094310839 0.094503986 0.094687914 0.094860435 0.09501909 0.095161122 0.095283452 0.095382664 0.095454982 0.095496263 0.095501992 0.095467295 0.095386968 0.095255533 0.095067322 0.094816619 0.094497843 0.094105819 0.093636132 0.093085596 0.092452854 0.09173913 0.090949149 0.090092214 0.089183441 0.088245093 0.087307924 0.086412394 0.085609532 0.084961196 0.084539395 0.084424361 0.084701121 0.085454475 0.086762568 0.088689547 0.091278152 0.094543288 0.098467653 0.10300024
0.090849781 0.091042684 0.091239967 0.091441453 0.091646919 0.09185609 0.092068632 0.092284143 0.092502144 0.092722073 0.092943265 0.093164949 0.093386228 0.093606066 0.093823271 0.094036477 0.094244125 0.094444442 0.094635416 0.094814778 0.094979979 0.095128163 0.095256151 0.095360424 0.095437111 0.095481988 0.095490487 0.095457726 0.095378562 0.095247677 0.09505971 0.094809442 0.094492056 0.094103485 0.093640872 0.093103159 0.092491819 0.09181176 0.09107238 0.090288778 0.089483061 0.08868566 0.087936523 0.087285967 0.08679494 0.086534376 0.086583324 0.087025626 0.087945038 0.089418952 0.091511218 0.094264841 0.097695581 0.10178749 0.10649119
0.090486729 0.090679172 0.090876438 0.091078397 0.091284882 0.091495678 0.091710516 0.091929067 0.092150932 0.092375635 0.092602608 0.092831186 0.093060587 0.093289903 0.093518082 0.093743912 0.093966 0.094182758 0.094392375 0.094592804 0.094781733 0.094956569 0.095114419 0.095252071 0.09536599 0.095452312 0.095506859 0.095525166 0.095502534 0.095434115 0.095315045 0.095140618 0.094906548 0.094609303 0.094246553 0.093817744 0.093324806 0.092773024 0.09217206 0.091537119 0.090890195 0.090261338 0.089689786 0.089224767 0.088925742 0.088861765 0.089109697 0.089751022 0.090867186 0.092533616 0.094812842 0.097747471 0.10135396 0.10561812 0.11049322
0.090110873 0.090302368 0.090499114 0.090701033 0.090908013 0.0911199 0.091336493 0.091557538 0.091782719 0.092011651 0.092243868 0.092478816 0.092715836 0.092954156 0.093192875 0.093430945 0.093667158 0.093900125 0.094128259 0.094349757 0.094562575 0.094764417 0.094952713 0.095124607 0.095276952 0.09540631 0.095508961 0.095580941 0.095618091 0.095616143 0.095570848 0.095478153 0.09533445 0.095136906 0.094883893 0.094575537 0.094214405 0.093806329 0.093361381 0.09289497 0.092429021 0.091993153 0.091625721 0.091374556 0.091297148 0.09146002 0.09193702 0.092806325 0.094146073 0.09602876 0.09851481 0.10164595 0.10543927 0.10988279 0.11493336
0.089721826 0.089911834 0.090107504 0.090308807 0.090515688 0.090728054 0.090945775 0.091168673 0.091396516 0.091629013 0.091865803 0.092106447 0.092350415 0.092597078 0.092845691 0.093095384 0.09334514 0.093593788 0.093839979 0.094082172 0.094318618 0.094547342 0.09476613 0.094972522 0.095163803 0.095337008 0.095488941 0.095616206 0.095715261 0.095782507 0.09581441 0.095807682 0.095759517 0.095667911 0.095532076 0.095352966 0.09513392 0.094881451 0.094606146 0.094323697 0.094055981 0.093832135 0.093689502 0.093674265 0.093841584 0.094254966 0.094984658 0.096104861 0.097689711 0.099808143 0.10251798 0.1058598 0.1098514 0.11448346 0.11971725
0.089319236 0.089507172 0.089701153 0.089901205 0.090107325 0.090319485 0.090537623 0.090761636 0.09099138 0.091226659 0.091467218 0.091712735 0.091962813 0.092216968 0.092474619 0.092735076 0.092997526 0.093261022 0.093524464 0.093786592 0.094045964 0.094300949 0.094549716 0.094790223 0.095020224 0.095237268 0.095438726 0.09562182 0.095783689 0.095921466 0.096032413 0.096114085 0.096164569 0.096182786 0.09616889 0.096124759 0.096054606 0.095965704 0.095869229 0.095781192 0.095723423 0.095724536 0.095820752 0.096056442 0.096484194 0.097164204 0.098162768 0.099549743 0.10139491 0.10376334 0.10671006 0.11027451 0.11447537 0.11930643 0.12473411
0.088902794 0.089088024 0.089279655 0.089477761 0.089682396 0.08989359 0.090111351 0.090335652 0.090566434 0.090803596 0.091046989 0.091296409 0.091551592 0.091812201 0.092077821 0.092347946 0.09262197 0.092899175 0.09317872 0.093459629 0.093740782 0.094020904 0.094298559 0.094572147 0.094839909 0.095099937 0.095350194 0.095588562 0.095812892 0.0960211 0.096211286 0.096381905 0.096531992 0.096661453 0.096771439 0.096864812 0.096946704 0.097025194 0.097112069 0.097223665 0.097381753 0.097614375 0.097956562 0.098450777 0.099146926 0.10010177 0.10137755 0.10303968 0.10515354 0.10778037 0.1109725 0.11476841 0.11918796 0.12422854 0.12986232
0.088472235 0.088654084 0.088842655 0.089038067 0.089240428 0.089449829 0.089666342 0.089890017 0.090120875 0.09035891 0.090604076 0.090856287 0.091115409 0.091381253 0.091653568 0.091932032 0.092216246 0.092505722 0.092799879 0.09309803 0.093399378 0.09370301 0.094007893 0.094312877 0.0946167 0.094918005 0.09521537 0.095507344 0.095792517 0.096069602 0.096337563 0.096595776 0.096844248 0.09708389 0.097316871 0.097547047 0.097780481 0.098026052 0.098296147 0.09860741 0.098981514 0.0994459 0.10003437 0.10078746 0.10175238 0.10298252 0.10453613 0.10647435 0.10885839 0.1117459 0.11518685 0.11921909 0.12386411 0.12912328 0.13497506
0.088027348 0.088205101 0.088389856 0.088581777 0.088781021 0.088987737 0.08920206 0.08942411 0.089653991 0.089891783 0.090137543 0.090391299 0.090653044 0.090922731 0.09120027 0.091485521 0.091778287 0.092078308 0.092385258 0.092698737 0.093018269 0.093343299 0.093673195 0.094007255 0.094344713 0.094684765 0.095026596 0.09536943 0.095712586 0.096055579 0.096398231 0.096740836 0.097084361 0.097430712 0.097783059 0.098146229 0.098527186 0.098935573 0.099384336 0.099890381 0.10047525 0.10116576 0.10199447 0.10300003 0.10422709 0.10572578 0.10755065 0.10975889 0.11240793 0.11555228 0.11924003 0.12350888 0.12838232 0.13386612 0.13994538
0.087567976 0.087740883 0.087921027 0.088108614 0.088303848 0.08850693 0.088718054 0.088937409 0.089165172 0.089401511 0.089646578 0.089900508 0.090163416 0.090435394 0.090716505 0.091006782 0.091306225 0.091614794 0.091932409 0.092258949 0.09259425 0.092938106 0.093290275 0.093650489 0.09401847 0.094393951 0.094776711 0.095166628 0.095563736 0.095968326 0.096381053 0.096803098 0.097236357 0.097683689 0.098149214 0.09863868 0.099159891 0.099723195 0.10034203 0.10103352 0.10181903 0.10272472 0.10378199 0.10502767 0.10650399 0.10825812 0.11034126 0.11280709 0.11570977 0.11910126 0.12302826 0.1275288 0.13262881 0.13833872 0.14465054
0.087094022 0.087261305 0.087436009 0.08761838 0.087808664 0.088007112 0.088213971 0.088429493 0.088653926 0.088887515 0.089130502 0.089383125 0.089645611 0.08991818 0.090201043 0.090494396 0.090798424 0.091113295 0.091439165 0.091776176 0.092124461 0.092484145 0.092855361 0.093238256 0.093633012 0.094039878 0.0944592 0.094891476 0.095337422 0.095798064 0.096274848 0.096769788 0.097285651 0.097826186 0.098396396 0.099002871 0.099654176 0.10036128 0.10113806 0.10200176 0.10297356 0.10407898 0.10534827 0.10681661 0.10852404 0.11051508 0.11283798 0.11554342 0.11868285 0.12230623 0.12645941 0.13118122 0.1365003 0.14243198 0.14897523
0.086605454 0.086766307 0.086934715 0.087110956 0.087295314 0.087488084 0.087689564 0.087900059 0.088119882 0.088349351 0.088588788 0.088838524 0.08909889 0.089370226 0.089652875 0.089947187 0.090253515 0.090572223 0.090903684 0.091248286 0.091606438 0.091978576 0.092365178 0.092766781 0.093183998 0.093617556 0.094068328 0.094537394 0.0950261 0.095536154 0.096069728 0.096629608 0.097219355 0.097843526 0.098507919 0.099219877 0.099988632 0.10082569 0.10174526 0.1027647 0.10390493 0.10519086 0.10665169 0.10832109 0.11023715 0.11244208 0.11498161 0.11790394 0.12125832 0.12509325 0.12945421 0.13438115 0.13990567 0.14604799 0.15281401
0.086102304 0.086255905 0.086417138 0.086586308 0.086763736 0.086949751 0.087144696 0.087348926 0.087562808 0.087786725 0.088021071 0.088266259 0.088522715 0.088790884 0.08907123 0.089364239 0.08967042 0.089990312 0.090324485 0.09067355 0.091038167 0.091419056 0.09181701 0.092232918 0.092667789 0.093122784 0.093599257 0.094098813 0.094623371 0.095175254 0.095757291 0.096372954 0.097026516 0.097723246 0.098469642 0.099273697 0.10014521 0.10109613 0.10214093 0.103297 0.104585 0.10602926 0.10765802 0.10950359 0.11160236 0.11399458 0.11672386 0.11983636 0.12337964 0.12740117 0.13194642 0.1370567 0.14276659 0.14910115 0.15607284
0.085584675 0.085730189 0.085883352 0.086044495 0.086213965 0.086392123 0.086579349 0.08677604 0.08698261 0.087199496 0.087427156 0.087666073 0.087916755 0.088179738 0.088455593 0.088744925 0.089048379 0.089366647 0.089700476 0.090050673 0.09041812 0.090803787 0.091208749 0.091634207 0.092081519 0.092552232 0.093048126 0.093571271 0.094124091 0.094709448 0.095330748 0.095992062 0.096698278 0.097455279 0.098270154 0.099151443 0.10010941 0.10115636 0.10230694 0.10357852 0.10499151 0.10656967 0.10834036 0.11033471 0.11258766 0.11513777 0.11802691 0.12129959 0.12500207 0.12918111 0.13388244 0.13914878 0.14501762 0.15151852 0.15867007
0.085052738 0.085189323 0.085333514 0.085485662 0.085646135 0.08581532 0.085993625 0.08618148 0.08637934 0.086587686 0.086807027 0.087037905 0.087280896 0.087536614 0.087805717 0.088088913 0.088386961 0.088700685 0.08903098 0.089378822 0.089745284 0.090131551 0.090538937 0.090968914 0.09142314 0.091903493 0.092412118 0.092951484 0.093524445 0.094134327 0.094785021 0.095481105 0.096227982 0.097032043 0.097900865 0.098843425 0.099870354 0.10099421 0.10222975 0.10359429 0.10510795 0.10679395 0.10867889 0.11079285 0.1131695 0.115846 0.11886277 0.12226297 0.12609184 0.13039569 0.13522057 0.14061058 0.14660586 0.15324 0.16053706
0.084506737 0.084633551 0.084767869 0.084910052 0.085060486 0.085219575 0.085387749 0.085565464 0.085753203 0.085951483 0.086160852 0.086381898 0.08661525 0.086861586 0.087121633 0.087396179 0.087686079 0.087992263 0.088315746 0.088657643 0.089019183 0.089401728 0.08980679 0.090236065 0.090691455 0.091175116 0.091689493 0.092237383 0.092821994 0.09344703 0.09411678 0.09483623 0.095611196 0.096448476 0.097356022 0.098343146 0.099420741 0.10060153 0.10190033 0.10333432 0.10492333 0.10669009 0.10866047 0.11086364 0.11333218 0.11610204 0.1192124 0.12270534 0.12662526 0.13101809 0.13593019 0.14140688 0.14749052 0.15421816 0.16161848
0.083946985 0.084063195 0.084186742 0.084317998 0.084457356 0.084605232 0.084762069 0.084928341 0.085104552 0.085291239 0.085488981 0.085698397 0.085920157 0.086154981 0.086403651 0.086667015 0.086945998 0.087241609 0.087554959 0.087887268 0.088239886 0.08861431 0.089012209 0.089435451 0.089886134 0.090366624 0.090879605 0.091428129 0.09201568 0.092646254 0.093324446 0.094055555 0.094845708 0.095702 0.096632658 0.097647222 0.098756753 0.099974052 0.10131391 0.10279334 0.10443186 0.10625171 0.10827811 0.11053939 0.11306716 0.11589633 0.11906501 0.1226143 0.12658785 0.13103126 0.13599105 0.14151344 0.14764255 0.15441814 0.1618726
0.083373866 0.083478651 0.083590546 0.083709926 0.083837186 0.083972747 0.084117059 0.084270602 0.08443389 0.084607474 0.084791949 0.084987954 0.085196181 0.085417379 0.085652364 0.085902022 0.086167326 0.086449341 0.08674924 0.087068316 0.087408005 0.087769899 0.088155779 0.088567635 0.089007704 0.089478507 0.089982895 0.090524103 0.091105815 0.091732233 0.092408165 0.093139129 0.093931461 0.094792452 0.095730497 0.096755265 0.097877887 0.099111159 0.10046977 0.10197052 0.10363259 0.10547773 0.10753052 0.10981853 0.1123725 0.11522636 0.11841726 0.12198538 0.12597367 0.13042724 0.13539262 0.14091653 0.1470443 0.15381758 0.16127149
0.082787832 0.082880391 0.082979775 0.083086353 0.083200517 0.083322687 0.08345331 0.083592865 0.083741868 0.083900872 0.084070474 0.08425132 0.084444111 0.084649607 0.084868638 0.08510211 0.085351019 0.085616458 0.085899635 0.086201884 0.086524688 0.086869698 0.087238757 0.087633931 0.088057539 0.088512198 0.08900086 0.089526875 0.090094041 0.090706687 0.091369747 0.092088858 0.092870471 0.093721971 0.094651821 0.095669718 0.096786768 0.098015679 0.099370963 0.10086916 0.10252905 0.1043719 0.10642166 0.10870517 0.1112523 0.1140961 0.11727277 0.1208216 0.12478472 0.12920669 0.13413372 0.13961264 0.14568935 0.15240664 0.15980132
