dados_process/media_hum.asc
NCOLS 139
NROWS 92
XLLCORNER -40151.9
YLLCORNER 91363.3
CELLSIZE 250
NODATA_VALUE -9999
[rows 26 to 51 of 92, columns 60 to 119 of 139]
50.268345 49.661309 49.162072 48.793542 48.572925 48.509855 48.605476 48.852625 49.237028 49.739181 50.336521 51.0055 51.723311 52.469127 53.224847 53.975427 54.708894 55.416148 56.090642 56.728012 57.325699 57.882596 58.398726 58.874965 59.312808 59.714181 60.08128 60.416451 60.722098 61.000606 61.254293 61.485374 61.695935 61.887921 62.063128 62.223203 62.369649 62.503828 62.626971 62.740186 62.844469 62.940712 63.029712 63.112182 63.188758 63.260009 63.326441 63.388506 63.446608 63.501105 63.552321 63.600542 63.646027 63.689004 63.729682 63.768246 63.804864 63.839684 63.872844 63.904466
51.08837 50.535928 50.080206 49.741352 49.534431 49.46786 49.542676 49.752749 50.085828 50.525153 51.0513 51.64393 52.283246 52.951054 53.631401 54.310885 54.978681 55.6264 56.247841 56.838688 57.396211 57.918965 58.406528 58.859268 59.278144 59.66454 60.020128 60.346762 60.646389 60.920982 61.172494 61.402816 61.613756 61.807017 61.984194 62.146762 62.296083 62.433402 62.559854 62.676471 62.784186 62.883844 62.976204 63.061953 63.141705 63.216012 63.285373 63.350233 63.410992 63.468009 63.521607 63.572078 63.61968 63.664651 63.707202 63.747523 63.785787 63.822151 63.856756 63.889729
51.949812 51.451535 51.038499 50.72826 50.53396 50.463042 50.51665 50.689829 50.972401 51.350306 51.80713 52.325562 52.888617 53.480539 54.087359 54.697187 55.300263 55.88887 56.457146 57.000851 57.517128 58.004258 58.461445 58.888623 59.286281 59.655329 59.996974 60.312625 60.603815 60.872139 61.119208 61.346609 61.555882 61.748499 61.925854 62.089252 62.239908 62.378948 62.507405 62.626227 62.73628 62.838353 62.933162 63.021356 63.103524 63.180196 63.251855 63.318934 63.381826 63.440884 63.496429 63.548749 63.598106 63.644736 63.688853 63.730651 63.770306 63.807977 63.843808 63.877933
52.828091 52.382398 52.010485 51.727533 51.545005 51.46957 51.502621 51.640421 51.874805 52.194267 52.585198 53.033084 53.523524 54.042995 54.579352 55.122098 55.662467 56.193383 56.709328 57.206169 57.680969 58.1318 58.55756 58.957816 59.332659 59.682588 60.008401 60.311115 60.59189 60.851979 61.092677 61.315292 61.52111 61.711383 61.887312 62.050033 62.20062 62.340073 62.469324 62.589233 62.700593 62.804133 62.900518 62.990359 63.074209 63.152575 63.225917 63.294653 63.359162 63.419789 63.476847 63.530621 63.581369 63.629325 63.674703 63.717697 63.758483 63.797223 63.834063 63.869137
53.701164 53.305727 52.972978 52.715981 52.544741 52.465323 52.479433 52.584511 52.774267 53.039534 53.369252 53.75144 54.174034 54.625541 55.095479 55.574638 56.055186 56.530664 56.995906 57.44692 57.880743 58.295294 58.689233 59.061828 59.41284 59.742416 60.051003 60.339274 60.608062 60.858312 61.091037 61.307284 61.50811 61.694557 61.867642 62.028343 62.177592 62.316269 62.445202 62.565163 62.676869 62.780985 62.878124 62.968852 63.053685 63.1331 63.207532 63.277379 63.343004 63.404738 63.462886 63.517724 63.569504 63.618456 63.66479 63.7087 63.75036 63.78993 63.827559 63.863379
54.550035 54.202123 53.906468 53.674266 53.514272 53.432062 53.429664 53.505593 53.655241 53.87152 54.145635 54.467857 54.828211 55.217031 55.625346 56.045132 56.469433 56.892391 57.309205 57.716058 58.110009 58.488886 58.851174 59.195908 59.522577 59.83104 60.121447 60.394175 60.649774 60.888918 61.112367 61.320935 61.515467 61.696815 61.865824 62.02332 62.170103 62.306934 62.43454 62.553605 62.664771 62.768636 62.86576 62.956659 63.041813 63.121664 63.196619 63.267053 63.333309 63.395705 63.45453 63.510051 63.562511 63.612135 63.659127 63.703676 63.745954 63.78612 63.824318 63.860683
55.359038 55.055804 54.795265 54.586988 54.438646 54.355401 54.339568 54.390595 54.505328 54.678481 54.903228 55.171812 55.476102 55.808057 56.160074 56.525218 56.897359 57.271223 57.642389 58.007247 58.362927 58.707221 59.038497 59.355621 59.657871 59.944872 60.216531 60.472976 60.714515 60.941588 61.154733 61.35456 61.541721 61.716895 61.880772 62.034035 62.177358 62.311392 62.436766 62.554076 62.663891 62.766746 62.863141 62.953546 63.0384 63.118108 63.193048 63.26357 63.329995 63.392623 63.451728 63.507564 63.560364 63.610344 63.657702 63.702619 63.745265 63.785793 63.824346 63.861055
56.115926 55.854625 55.62746 55.442579 55.306708 55.224634 55.198892 55.229699 55.315116 55.451381 55.633345 55.854949 56.109667 56.390899 56.692267 57.007835 57.332249 57.660807 57.989476 58.314885 58.634278 58.945463 59.246752 59.536891 59.815009 60.080549 60.333222 60.572957 60.799858 61.014165 61.216229 61.406477 61.585396 61.753508 61.911361 62.05951 62.198511 62.328912 62.451249 62.566036 62.673769 62.774919 62.869931 62.959228 63.043204 63.122229 63.196649 63.266787 63.332942 63.395393 63.454398 63.510195 63.563007 63.613038 63.660477 63.7055 63.748268 63.788932 63.827628 63.864486
56.811796 56.58994 56.394726 56.23306 56.11083 56.032454 56.000602 56.016091 56.077962 56.183705 56.329575 56.510951 56.722692 56.959457 57.215964 57.487189 57.768506 58.055765 58.345334 58.634105 58.919478 59.199322 59.471942 59.736023 59.990591 60.23496 60.468691 60.691555 60.90349 61.104575 61.294999 61.475037 61.645028 61.805359 61.95645 62.098741 62.232683 62.358726 62.47732 62.588902 62.693898 62.792717 62.885752 62.973376 63.055941 63.133782 63.207212 63.276525 63.341997 63.403884 63.462427 63.517849 63.570358 63.620147 63.667395 63.712269 63.754924 63.795502 63.834137 63.870952
57.440885 57.256336 57.092006 56.953707 56.846557 56.774603 56.740554 56.745659 56.78972 56.87123 56.987593 57.135391 57.310661 57.509156 57.726567 57.958698 58.201603 58.451667 58.705664 58.960771 59.214574 59.46505 59.71054 59.949717 60.181549 60.405267 60.620329 60.826382 61.02324 61.210849 61.389268 61.55864 61.719184 61.871168 62.014901 62.15072 62.278979 62.400044 62.514282 62.62206 62.723738 62.819668 62.91019 62.995629 63.076298 63.152493 63.224497 63.292574 63.356976 63.417937 63.475678 63.530406 63.582314 63.631582 63.678378 63.72286 63.765173 63.805453 63.843828 63.880415
58.000267 57.851292 57.717144 57.60265 57.512214 57.449487 57.417129 57.416665 57.448457 57.511778 57.604954 57.725557 57.870618 58.036832 58.220747 58.41892 58.628034 58.844992 59.06697 59.29145 59.516234 59.739439 59.959483 60.175069 60.385152 60.58892 60.785763 60.975247 61.157092 61.331142 61.497351 61.655761 61.806484 61.949691 62.085594 62.214441 62.336502 62.452064 62.561422 62.664877 62.762729 62.855274 62.942803 63.025597 63.103928 63.178058 63.248236 63.314699 63.377672 63.437369 63.49399 63.547724 63.598749 63.647232 63.693328 63.737185 63.778939 63.818719 63.856642 63.892822
58.489499 58.374787 58.270462 58.180454 58.108483 58.05778 58.030866 58.029407 58.05415 58.104954 58.180867 58.280266 58.40101 58.540603 58.696345 58.865469 59.045245 59.233069 59.426517 59.623387 59.821719 60.0198 60.216162 60.40957 60.599006 60.78365 60.962862 61.136159 61.303194 61.463741 61.617675 61.764955 61.90561 62.039728 62.167442 62.288922 62.404365 62.513988 62.618023 62.71671 62.810294 62.89902 62.983132 63.06287 63.138468 63.210151 63.278139 63.342641 63.403857 63.461977 63.517181 63.569642 63.619521 63.66697 63.712133 63.755146 63.796134 63.835218 63.872509 63.908112
58.910239 58.828893 58.754349 58.6897 58.638001 58.602033 58.5841 58.585892 58.608395 58.651887 58.715971 58.799669 58.901526 59.019733 59.152251 59.296921 59.451555 59.614017 59.782279 59.954461 60.128856 60.303947 60.478406 60.651093 60.821048 60.987477 61.149739 61.30733 61.459867 61.607078 61.748779 61.88487 62.015314 62.140134 62.259396 62.373206 62.481697 62.585027 62.68337 62.776912 62.865849 62.95038 63.030704 63.107023 63.179534 63.24843 63.3139 63.376126 63.435282 63.491538 63.545054 63.595982 63.64447 63.690653 63.734664 63.776626 63.816654 63.854859 63.891344 63.926207
59.26587 59.217391 59.17287 59.134602 59.104983 59.086317 59.080628 59.089531 59.114129 59.154985 59.21212 59.285064 59.372928 59.474491 59.588289 59.712711 59.84607 59.986674 60.13288 60.283133 60.435993 60.590155 60.744454 60.897872 61.049532 61.198694 61.344741 61.487175 61.625603 61.759724 61.889322 62.014252 62.134431 62.249829 62.360459 62.466375 62.567656 62.664409 62.756758 62.844842 62.928812 63.008824 63.08504 63.157622 63.226734 63.29254 63.355197 63.414863 63.471687 63.525818 63.577395 63.626553 63.673422 63.718126 63.76078 63.801498 63.840383 63.877538 63.913055 63.947024
59.561162 59.545419 59.53141 59.520652 59.514887 59.515909 59.525413 59.544861 59.57538 59.617708 59.672175 59.738711 59.816896 59.906008 60.005091 60.113027 60.228592 60.350515 60.477527 60.608397 60.741958 60.877129 61.012928 61.148479 61.283008 61.415851 61.54644 61.674304 61.799058 61.920396 62.038083 62.151948 62.261875 62.367796 62.469685 62.56755 62.661429 62.751385 62.837499 62.919869 62.998604 63.073825 63.145655 63.214226 63.279668 63.342115 63.401699 63.458551 63.512799 63.564568 63.613979 63.66115 63.706194 63.749219 63.790329 63.829624 63.867197 63.903139 63.937536 63.970467
59.801977 59.819179 59.836385 59.854346 59.874137 59.897026 59.924333 59.957312 59.997043 60.044362 60.099819 60.163666 60.23587 60.316142 60.403978 60.498704 60.599527 60.705575 60.815942 60.929713 61.046001 61.163958 61.282796 61.401793 61.5203 61.637743 61.753623 61.867512 61.97905 62.087944 62.193954 62.296899 62.396642 62.493089 62.586183 62.675899 62.762241 62.845234 62.924924 63.001373 63.074656 63.144857 63.21207 63.276393 63.33793 63.396786 63.453068 63.506882 63.558335 63.60753 63.654572 63.699559 63.742589 63.783755 63.823148 63.860855 63.89696 63.931541 63.964675 63.996435
59.995047 60.045707 60.095017 60.142952 60.189911 60.236612 60.283978 60.333013 60.384702 60.439925 60.499394 60.563623 60.632912 60.70735 60.786838 60.871116 60.959788 61.052364 61.148284 61.24695 61.347748 61.450071 61.55333 61.65697 61.760477 61.863382 61.965266 62.065761 62.164545 62.261348 62.355943 62.448145 62.53781 62.624827 62.709119 62.790635 62.869352 62.945264 63.018389 63.088756 63.15641 63.221405 63.283807 63.343686 63.401117 63.456182 63.508962 63.559542 63.608007 63.654442 63.698932 63.741559 63.782405 63.821549 63.859068 63.895038 63.929529 63.962612 63.994354 64.024817
60.147812 60.23272 60.315176 60.39436 60.46998 60.542191 60.611497 60.678637 60.744474 60.8099 60.875758 60.942784 61.011574 61.082562 61.156022 61.232075 61.310704 61.391781 61.475081 61.560314 61.647137 61.735182 61.824065 61.913403 62.002823 62.091973 62.180521 62.268168 62.354643 62.439708 62.523156 62.604813 62.684532 62.762196 62.837714 62.911017 62.98206 63.050814 63.117271 63.181435 63.243323 63.302965 63.360398 63.415668 63.468826 63.519929 63.569037 63.616214 63.661524 63.705035 63.746812 63.786923 63.825433 63.862408 63.897912 63.932008 63.964756 63.996216 64.026445 64.055498
60.268343 60.38853 60.505295 60.616992 60.722619 60.821759 60.914495 61.001294 61.082896 61.160199 61.234163 61.305734 61.375784 61.445074 61.514228 61.583732 61.653928 61.725035 61.797152 61.870285 61.94436 62.019244 62.094755 62.170686 62.246807 62.322886 62.398686 62.473983 62.548563 62.622227 62.694796 62.766112 62.836033 62.904443 62.971241 63.036348 63.099701 63.161254 63.220977 63.278851 63.334872 63.389045 63.441384 63.491912 63.540658 63.587658 63.632951 63.676581 63.718593 63.759036 63.797961 63.835418 63.871459 63.906135 63.939498 63.971598 64.002485 64.032209 64.060817 64.088356
60.365343 60.52204 60.674355 60.819777 60.95657 61.083742 61.200964 61.308452 61.406837 61.497041 61.580154 61.657337 61.729739 61.79844 61.864408 61.928479 61.991346 62.053558 62.115529 62.17755 62.239807 62.302393 62.365328 62.428573 62.492045 62.555629 62.619188 62.682572 62.745628 62.808202 62.870147 62.931324 62.991603 63.05087 63.109024 63.165975 63.221649 63.275986 63.328936 63.380465 63.430546 63.479165 63.526315 63.571998 63.616222 63.659004 63.700364 63.740326 63.778919 63.816174 63.852126 63.886811 63.920266 63.952529 63.98364 64.013636 64.042559 64.070445 64.097335 64.123265
60.448212 60.642803 60.831938 61.012184 61.181052 61.336984 61.479262 61.607889 61.723434 61.82688 61.919483 62.002643 62.077804 62.146373 62.209665 62.268861 62.324992 62.37893 62.431389 62.482935 62.534 62.584896 62.635835 62.68694 62.738267 62.789818 62.84155 62.89339 62.945246 62.997009 63.048564 63.099795 63.150588 63.200833 63.250429 63.299282 63.34731 63.394438 63.440606 63.48576 63.529856 63.572863 63.614755 63.655515 63.695134 63.733607 63.770939 63.807135 63.842209 63.876176 63.909054 63.940867 63.971636 64.001388 64.03015 64.057949 64.084814 64.110774 64.135858 64.160096
60.527202 60.76116 60.988331 61.204303 61.405818 61.590769 61.758101 61.907666 62.040038 62.15633 62.258018 62.346791 62.424417 62.492652 62.553162 62.607477 62.65696 62.702793 62.745977 62.787339 62.827541 62.867102 62.906408 62.94574 62.985282 63.025143 63.065372 63.105967 63.146892 63.188083 63.229459 63.270925 63.312383 63.353729 63.394864 63.435691 63.476122 63.516071 63.555466 63.594238 63.63233 63.669691 63.706281 63.742065 63.777016 63.811113 63.844344 63.876699 63.908174 63.93877 63.968493 63.997349 64.025349 64.052507 64.078838 64.104358 64.129086 64.153042 64.176246 64.198718
60.613638 60.888429 61.154694 61.406975 61.641239 61.854872 62.04656 62.216097 62.364164 62.492095 62.601669 62.694921 62.773993 62.841016 62.898024 62.946895 62.989318 63.026774 63.060535 63.091668 63.121049 63.149382 63.177217 63.204971 63.232945 63.261346 63.290303 63.319879 63.35009 63.380912 63.412293 63.444159 63.476424 63.508994 63.541771 63.574656 63.607552 63.640369 63.673019 63.705424 63.737512 63.769216 63.800482 63.831258 63.861501 63.891177 63.920255 63.948711 63.976527 64.00369 64.030191 64.056023 64.081186 64.105682 64.129513 64.152686 64.175211 64.197096 64.218353 64.238995
60.720204 61.037161 61.343261 61.631937 61.898396 62.139597 62.35408 62.541718 62.703428 62.840889 62.956281 63.052067 63.130816 63.195067 63.247237 63.289554 63.324023 63.352409 63.37623 63.396773 63.415103 63.432089 63.44842 63.46463 63.481123 63.498187 63.516018 63.534735 63.554398 63.575014 63.596558 63.618972 63.642182 63.666098 63.690622 63.715655 63.741093 63.766837 63.79279 63.81886 63.844963 63.87102 63.89696 63.922717 63.948234 63.973461 63.998353 64.022873 64.046988 64.070671 64.0939 64.116658 64.138931 64.160709 64.181985 64.202756 64.223021 64.24278 64.262036 64.280794
60.861293 61.221431 61.567563 61.891974 62.18917 62.455806 62.690444 62.893216 63.065448 63.209314 63.327517 63.423034 63.498917 63.55815 63.603542 63.637668 63.662832 63.681057 63.694084 63.703388 63.710194 63.715506 63.720126 63.724686 63.729665 63.735418 63.742193 63.750153 63.759386 63.769929 63.78177 63.794866 63.809149 63.824531 63.840914 63.858194 63.87626 63.895005 63.914322 63.934107 63.954264 63.9747 63.99533 64.016076 64.036866 64.057636 64.078328 64.098891 64.119279 64.139452 64.159377 64.179023 64.198367 64.217387 64.236066 64.254391 64.272352 64.28994 64.30715 64.323979
61.053393 61.457134 61.842635 62.201039 62.526269 62.814875 63.065678 63.279303 63.457701 63.603714 63.720701 63.812244 63.881937 63.933228 63.969321 63.993122 64.007209 64.013828 64.014906 64.012069 64.006666 63.9998 63.992359 63.985038 63.978374 63.972764 63.968491 63.965743 63.96463 63.965202 63.967458 63.971359 63.976837 63.983807 63.992163 64.001796 64.012587 64.02442 64.037176 64.050742 64.065006 64.079865 64.09522 64.110981 64.127061 64.143383 64.159878 64.176479 64.193131 64.20978 64.226381 64.242894 64.259282 64.275516 64.291568 64.307415 64.323037 64.33842 64.353549 64.368413
