dados_process/media_vento.asc.aux.xml
NCOLS 139
NROWS 92
XLLCORNER -40151.9
YLLCORNER 91363.3
CELLSIZE 250
NODATA_VALUE -9999
[rows 0 to 24 of 92, columns 57 to 113 of 139]
0.35333652 0.34627229 0.337779 0.32777589 0.31618188 0.30291995 0.28792556 0.27115933 0.25262412 0.2323857 0.21059543 0.18751177 0.1635162 0.13911808 0.11494294 0.091700913 0.070135467 0.050958447 0.034781729 0.022058564 0.013045977 0.0077945259 0.00616488 0.007864712 0.012496293 0.019605207 0.028722985 0.039399739 0.051225854 0.063843822 0.076952351 0.090305088 0.10370606 0.11700344 0.13008279 0.14286054 0.15527797 0.16729611 0.17889131 0.19005169 0.20077424 0.2110625 0.22092475 0.23037262 0.23941998 0.24808215 0.25637523 0.2643157 0.27192002 0.27920441 0.28618469 0.29287615 0.29929346 0.30545066 0.31136109 0.31703745 0.32249172
0.35714832 0.3504441 0.34231118 0.33265553 0.32137828 0.30837992 0.29356883 0.27687494 0.25826866 0.23778466 0.21554894 0.19180572 0.1669392 0.14148323 0.11611183 0.091605561 0.068793255 0.048475637 0.031343686 0.017908111 0.0084544937 0.0030319647 0.0014743985 0.0034455547 0.0084958927 0.0161193 0.025801342 0.037054899 0.049442682 0.062588425 0.076179569 0.089964302 0.10374538 0.1173725 0.13073453 0.14375206 0.15637097 0.16855685 0.1802904 0.19156377 0.20237754 0.21273842 0.2226575 0.2321488 0.24122827 0.249913 0.25822061 0.26616884 0.27377525 0.281057 0.28803067 0.29471223 0.30111691 0.30725921 0.31315289 0.31881097 0.32424575
0.36156886 0.35530558 0.34763361 0.33844654 0.32762834 0.31505706 0.30061335 0.2841947 0.26573592 0.24523584 0.22278863 0.19861652 0.17309788 0.14678267 0.12038624 0.094754495 0.070798906 0.049408406 0.031353685 0.017204014 0.0072746953 0.0016147553 3.3190251e-05 0.0021527851 0.0074763075 0.015451054 0.025522258 0.037171185 0.049937999 0.063431998 0.077332724 0.091385314 0.10539279 0.11920724 0.13272101 0.14585876 0.15857048 0.17082571 0.18260877 0.193915 0.20474783 0.21511639 0.22503383 0.23451591 0.24358004 0.25224453 0.260528 0.26844904 0.27602591 0.28327631 0.29021731 0.29686525 0.30323567 0.30934335 0.31520224 0.32082553 0.32622566
0.36664837 0.36090493 0.35379359 0.34519695 0.33498308 0.32300855 0.30912661 0.29320167 0.27513099 0.25487381 0.23248685 0.20816262 0.18226432 0.1553477 0.12815915 0.10160062 0.076658664 0.054305023 0.03538682 0.020530642 0.010082288 0.0040935646 0.0023536185 0.0044512068 0.0098497115 0.017958714 0.028191739 0.040006132 0.052925859 0.066550616 0.080555414 0.094684413 0.10874194 0.12258265 0.13610209 0.14922823 0.16191423 0.17413248 0.18586982 0.19712375 0.20789944 0.2182075 0.22806226 0.23748043 0.24648015 0.2550803 0.26329997 0.27115806 0.27867308 0.28586293 0.29274479 0.29933508 0.3056494 0.31170253 0.31750845 0.32308033 0.32843058
0.37242144 0.36727276 0.36081815 0.35293107 0.34346555 0.33225837 0.31913669 0.3039324 0.2865045 0.26677031 0.24474452 0.2205829 0.19462391 0.16741736 0.13972744 0.11249858 0.086779684 0.063614545 0.043919019 0.028373143 0.017353681 0.010920039 0.0088501494 0.010710097 0.015936552 0.023913957 0.034035476 0.045743938 0.058554286 0.072061618 0.085939507 0.099932695 0.1138472 0.12753987 0.14090846 0.153883 0.1664184 0.17848848 0.19008118 0.20119477 0.21183499 0.2220128 0.23174266 0.24104136 0.24992697 0.25841827 0.26653416 0.27429336 0.28171414 0.28881418 0.29561043 0.30211907 0.30835548 0.31433423 0.32006908 0.32557301 0.33085824
0.37889956 0.3744145 0.36870628 0.3616414 0.35306212 0.34278779 0.33062156 0.31636434 0.2998375 0.28091545 0.25956775 0.23590757 0.21023946 0.18309484 0.15524035 0.12764554 0.10140402 0.077615701 0.057253063 0.041043177 0.029394038 0.022379498 0.019778448 0.021149777 0.02591997 0.033463965 0.043167954 0.054470754 0.066885808 0.080008453 0.093513466 0.10714714 0.12071697 0.13408098 0.14713771 0.15981757 0.17207547 0.18388494 0.19523336 0.20611833 0.21654477 0.22652274 0.23606583 0.2451899 0.25391218 0.26225058 0.27022321 0.27784804 0.28514264 0.29212405 0.29880863 0.305212 0.31134906 0.31723391 0.32287989 0.32829962 0.33350496
0.38606401 0.38230304 0.37742129 0.37128061 0.36371404 0.35452612 0.3434986 0.33040375 0.31502693 0.29720003 0.27684587 0.25403058 0.22901687 0.20230551 0.17464917 0.14702272 0.12054309 0.096346141 0.075445291 0.058606099 0.046267897 0.038527429 0.035179401 0.035793937 0.039806435 0.046599776 0.055567593 0.066155533 0.077882938 0.090349833 0.10323433 0.11628473 0.12930933 0.14216596 0.15475221 0.16699694 0.17885315 0.19029223 0.20129935 0.21186984 0.22200643 0.23171709 0.24101343 0.24990947 0.25842074 0.2665636 0.27435475 0.28181087 0.28894837 0.29578325 0.3023309 0.30860613 0.31462305 0.32039507 0.32593493 0.33125467 0.33636567
0.3938601 0.3908726 0.38688424 0.38175451 0.37530974 0.36734231 0.35761536 0.34587521 0.33187347 0.31540096 0.29633358 0.27468776 0.25067801 0.22476365 0.19766739 0.17034898 0.1439256 0.11954663 0.098248503 0.080825339 0.067747566 0.059143806 0.054840436 0.05443821 0.057401141 0.063137678 0.07106311 0.080640336 0.091401497 0.10295527 0.11498486 0.12724073 0.13953115 0.15171228 0.16367896 0.17535663 0.18669454 0.19766017 0.20823483 0.21841015 0.22818536 0.23756519 0.24655826 0.25517588 0.26343112 0.27133812 0.27891159 0.28616643 0.29311748 0.29977929 0.306166 0.31229127 0.3181682 0.32380932 0.32922654 0.33443119 0.33943399
0.40219372 0.40001472 0.39696942 0.39291702 0.38767933 0.38103898 0.37274304 0.36251448 0.35007373 0.3351726 0.31764117 0.29744529 0.27474723 0.24995639 0.22375183 0.19705932 0.17097406 0.14663664 0.12508822 0.10714087 0.093295039 0.083719186 0.078285916 0.076644469 0.078305537 0.082719169 0.089335147 0.09764298 0.10719378 0.11760843 0.12857681 0.13985178 0.15124085 0.16259731 0.17381176 0.18480463 0.19551981 0.20591938 0.21597942 0.2256866 0.23503552 0.24402669 0.25266487 0.2609579 0.26891572 0.27654969 0.28387203 0.29089542 0.29763272 0.30409673 0.31030004 0.31625493 0.32197327 0.32746647 0.33274548 0.33782077 0.34270227
0.41093114 0.4095775 0.40750309 0.40456846 0.40059263 0.3953503 0.38857447 0.37996696 0.36921942 0.35604716 0.34023655 0.32170383 0.30055779 0.27715286 0.25211457 0.22631965 0.20082239 0.17673472 0.15508554 0.13669414 0.12208835 0.1114816 0.10480362 0.10176606 0.10194064 0.10483192 0.1099347 0.11677293 0.12492205 0.13401844 0.14376036 0.15390362 0.1642548 0.17466365 0.18501557 0.1952249 0.20522907 0.2149837 0.22445862 0.23363459 0.24250076 0.25105263 0.25929046 0.267218 0.27484155 0.28216921 0.28921032 0.29597497 0.30247375 0.30871743 0.31471681 0.32048256 0.32602513 0.33135469 0.33648107 0.34141372 0.34616169
0.41990282 0.41936911 0.41826675 0.41645877 0.41376249 0.40994582 0.40472896 0.39779421 0.38880655 0.37744749 0.36346288 0.3467224 0.32728313 0.30544369 0.28177108 0.25708326 0.23237976 0.20872804 0.18713007 0.16840171 0.15309325 0.14146398 0.13350625 0.12900237 0.12759428 0.1288499 0.13231664 0.13755895 0.14418113 0.15183823 0.16023889 0.16914307 0.17835694 0.18772678 0.19713263 0.20648234 0.2157064 0.22475343 0.23358643 0.24217976 0.25051658 0.25858692 0.26638608 0.27391334 0.281171 0.28816358 0.29489721 0.30137919 0.30761757 0.31362089 0.31939797 0.32495773 0.33030905 0.33546071 0.3404213 0.34519917 0.3498024
0.42891161 0.42916611 0.42900576 0.42829662 0.42685484 0.42444196 0.42076601 0.41549088 0.40825685 0.39871476 0.38657428 0.37166375 0.35399366 0.33381026 0.31162227 0.28818484 0.26443442 0.24138275 0.2199928 0.20106645 0.18516886 0.17260124 0.16341796 0.15747393 0.15448492 0.15408657 0.15588341 0.15948466 0.16452711 0.17068754 0.17768743 0.18529269 0.19331045 0.20158447 0.20999001 0.21842884 0.22682468 0.2351192 0.24326855 0.25124054 0.25901223 0.26656802 0.27389804 0.28099694 0.28786282 0.29449646 0.30090064 0.30707967 0.31303894 0.31878463 0.32432345 0.32966245 0.33480885 0.33976995 0.34455302 0.34916522 0.35361359
0.43774527 0.43872683 0.43944376 0.43976531 0.43950643 0.43842232 0.43620913 0.4325133 0.42695267 0.41915132 0.40878862 0.39565904 0.37973458 0.36121645 0.34055975 0.31845757 0.29577973 0.27347494 0.25245748 0.23350469 0.21718668 0.20383823 0.19356958 0.18630447 0.18183089 0.17985242 0.18003229 0.18202685 0.18550822 0.19017775 0.19577245 0.20206663 0.20887045 0.21602685 0.2234077 0.23090976 0.23845083 0.24596622 0.25340573 0.26073092 0.26791298 0.27493078 0.28176941 0.2884189 0.29487316 0.3011292 0.30718642 0.31304609 0.3187109 0.3241846 0.32947175 0.33457746 0.33950724 0.34426684 0.34886216 0.35329914 0.35758371
0.44619252 0.44780909 0.44930246 0.45054491 0.45135 0.45146661 0.45057946 0.44831905 0.44428383 0.43807638 0.42935332 0.41788475 0.40361462 0.38670883 0.36757627 0.34685175 0.32533797 0.30391607 0.28344376 0.26466359 0.24813924 0.23422772 0.22308498 0.21469542 0.20891359 0.20550782 0.20419899 0.20469127 0.20669392 0.20993537 0.2141709 0.21918596 0.2247963 0.23084635 0.23720657 0.24377037 0.25045099 0.25717853 0.26389727 0.27056327 0.27714237 0.28360836 0.28994159 0.2961277 0.30215661 0.30802167 0.313719 0.31924688 0.32460533 0.3297957 0.33482038 0.33968257 0.34438603 0.34893497 0.35333389 0.35758747 0.36170053
0.4540611 0.45619081 0.4583251 0.46033912 0.46204513 0.46318612 0.46343669 0.46241404 0.4597018 0.4548879 0.44761534 0.43764073 0.42489131 0.409508 0.39186148 0.37253284 0.3522585 0.33184909 0.31209933 0.29370763 0.27721973 0.26300232 0.25124486 0.2419817 0.23512558 0.23050389 0.22789214 0.22704139 0.22769883 0.2296218 0.23258638 0.23639191 0.24086247 0.24584659 0.25121566 0.25686179 0.26269542 0.26864291 0.27464426 0.28065102 0.28662449 0.29253405 0.29835582 0.30407149 0.30966728 0.31513318 0.3204622 0.32564979 0.33069342 0.33559212 0.3403462 0.34495696 0.34942646 0.35375738 0.35795284 0.36201628 0.36595139
0.46119582 0.46369109 0.46630104 0.46890387 0.47131116 0.47326152 0.47442212 0.47440118 0.47277382 0.46912177 0.46308457 0.45441634 0.44303826 0.42907528 0.41286637 0.39494256 0.3759748 0.3567012 0.33784858 0.32006344 0.30386324 0.28961241 0.27752147 0.2676632 0.25999889 0.25440782 0.25071554 0.2487178 0.24819938 0.2489476 0.25076128 0.25345609 0.25686711 0.26084955 0.26527817 0.270046 0.27506266 0.28025243 0.28555249 0.29091108 0.29628598 0.30164296 0.30695463 0.31219925 0.31735983 0.32242332 0.32737993 0.33222254 0.33694623 0.34154787 0.34602579 0.3503795 0.35460943 0.35871677 0.36270331 0.36657128 0.37032326
0.46749437 0.47018904 0.4730881 0.47607341 0.47895751 0.48147747 0.48329739 0.48402268 0.4832279 0.48049803 0.47547934 0.46793326 0.45778326 0.4451445 0.43032808 0.41381688 0.39621661 0.3781916 0.3603976 0.34342364 0.32775081 0.31373114 0.30158499 0.29141252 0.28321377 0.27691212 0.27237763 0.26944748 0.26794267 0.26768066 0.2684842 0.27018719 0.27263793 0.27570066 0.27925585 0.28319964 0.28744275 0.29190918 0.2965348 0.30126586 0.3060577 0.31087348 0.31568302 0.32046185 0.32519029 0.32985271 0.33443687 0.33893337 0.34333516 0.34763715 0.35183585 0.35592909 0.35991579 0.36379576 0.36756948 0.37123805 0.37480297
0.47291842 0.47563757 0.47862914 0.48178002 0.48490639 0.48774801 0.48997192 0.49118836 0.49098035 0.4889456 0.48474616 0.47815818 0.46911252 0.45771723 0.4442565 0.42916518 0.41298372 0.39630237 0.3797046 0.36371893 0.34878471 0.33523389 0.3232875 0.31306336 0.30459108 0.29783039 0.29268989 0.28904414 0.28674814 0.28564869 0.2855929 0.28643403 0.28803526 0.29027181 0.29303183 0.2962165 0.29973954 0.30352631 0.30751286 0.31164479 0.31587615 0.32016843 0.32448954 0.32881295 0.3331169 0.33738366 0.34159899 0.34575152 0.34983238 0.35383472 0.35775346 0.36158491 0.3653266 0.36897705 0.37253557 0.37600215 0.3793773
0.47749874 0.48006988 0.48296018 0.48606358 0.48920351 0.49212785 0.49451364 0.49598441 0.49614066 0.49460138 0.49105126 0.48528551 0.47724399 0.4670272 0.45489115 0.44122175 0.42649441 0.41122624 0.39592927 0.38107099 0.36704629 0.35416202 0.34263288 0.33258638 0.32407366 0.31708347 0.31155694 0.30740155 0.30450333 0.30273693 0.30197332 0.30208555 0.30295269 0.30446227 0.3065117 0.30900884 0.31187193 0.31502923 0.31841834 0.32198543 0.32568439 0.32947598 0.33332703 0.33720968 0.34110068 0.34498076 0.34883406 0.35264767 0.35641117 0.36011625 0.36375642 0.36732668 0.37082332 0.37424369 0.37758602 0.38084931 0.38403314
0.48133321 0.48359764 0.48620851 0.48906931 0.49201493 0.49480731 0.49714096 0.49866092 0.49899319 0.49778471 0.49474697 0.48969554 0.482578 0.47348473 0.46264112 0.45038324 0.43712239 0.42330502 0.40937436 0.39573848 0.38274747 0.37068029 0.35974051 0.35005908 0.34170189 0.33468013 0.32896171 0.32448237 0.32115583 0.31888235 0.31755565 0.31706828 0.31731551 0.31819796 0.31962337 0.32150743 0.32377421 0.3263561 0.32919343 0.33223404 0.33543264 0.33875017 0.34215317 0.34561314 0.34910592 0.35261122 0.35611204 0.35959427 0.36304627 0.36645857 0.36982348 0.37313489 0.37638801 0.37957918 0.38270567 0.38576556 0.38875761
0.48457828 0.4864011 0.48858105 0.49103385 0.49361017 0.49609177 0.49819744 0.49960085 0.49995972 0.49895316 0.496321 0.491898 0.48563642 0.47761305 0.4680203 0.45714421 0.44533414 0.43296965 0.42042936 0.40806518 0.39618374 0.38503522 0.374809 0.36563482 0.35758779 0.35069585 0.34494833 0.34030472 0.33670279 0.33406579 0.33230852 0.3313421 0.33107774 0.33142939 0.33231562 0.33366078 0.33539566 0.33745768 0.3397909 0.34234571 0.34507852 0.34795123 0.35093079 0.35398868 0.35710045 0.36024523 0.36340532 0.36656578 0.36971411 0.37283989 0.37593452 0.37899096 0.38200352 0.38496767 0.38787986 0.39073735 0.39353816
0.48743487 0.48871246 0.49034469 0.49226201 0.49433464 0.49636907 0.49811384 0.49927642 0.49955017 0.49864822 0.49633816 0.49247126 0.48700082 0.47998685 0.47158741 0.46203957 0.45163413 0.44068869 0.42952248 0.41843557 0.40769367 0.39751857 0.3880838 0.37951456 0.3718908 0.36525234 0.35960523 0.35492833 0.35117984 0.34830318 0.34623209 0.34489496 0.34421816 0.34412868 0.34455605 0.34543363 0.34669944 0.34829662 0.35017363 0.35228415 0.35458694 0.35704553 0.3596279 0.36230608 0.3650558 0.36785608 0.37068891 0.37353889 0.37639294 0.37923997 0.38207071 0.38487739 0.38765359 0.39039407 0.39309455 0.39575164 0.39836269
0.49013067 0.49079486 0.49180145 0.49309755 0.49457572 0.4960706 0.49736406 0.49820029 0.49830996 0.49744001 0.49538379 0.49200594 0.4872576 0.48117992 0.47389664 0.46559829 0.45652167 0.44692809 0.4370832 0.42724011 0.41762685 0.40843804 0.3998307 0.39192319 0.38479688 0.37849951 0.37304961 0.36844151 0.3646503 0.36163665 0.359351 0.35773725 0.35673586 0.35628619 0.35632842 0.35680493 0.35766119 0.35884642 0.36031391 0.36202115 0.36392976 0.36600542 0.36821764 0.37053946 0.37294721 0.37542022 0.37794052 0.38049256 0.38306295 0.38564023 0.38821463 0.39077786 0.39332296 0.3958441 0.39833643 0.400796 0.40321956
0.49290073 0.49291958 0.49326184 0.4938923 0.49472738 0.49563156 0.4964215 0.4968789 0.49677136 0.49587803 0.49401543 0.49105871 0.48695469 0.48172512 0.47546095 0.46830989 0.46046003 0.45212258 0.44351559 0.43485028 0.42632047 0.41809541 0.41031553 0.40309092 0.39650178 0.39060043 0.38541436 0.3809498 0.37719549 0.37412648 0.37170753 0.36989625 0.36864576 0.36790685 0.36762978 0.36776562 0.36826726 0.36909007 0.37019242 0.37153586 0.37308528 0.37480886 0.37667799 0.37866713 0.38075356 0.38291723 0.38514053 0.38740804 0.38970632 0.39202376 0.3943503 0.39667732 0.39899745 0.40130443 0.40359297 0.40585864 0.40809775
0.4959686 0.49534406 0.49501937 0.49497716 0.49515775 0.49545544 0.4957212 0.49577318 0.49541407 0.4944528 0.49272649 0.49011878 0.4865713 0.48208733 0.47672796 0.47060265 0.46385667 0.45665733 0.44918103 0.44160202 0.43408352 0.42677133 0.41978977 0.41323972 0.40719826 0.4017197 0.39683746 0.39256657 0.38890647 0.38584389 0.3833556 0.38141099 0.37997433 0.3790067 0.37846763 0.37831637 0.37851289 0.37901864 0.37979706 0.38081392 0.38203754 0.38343885 0.38499142 0.38667133 0.38845714 0.39032968 0.39227194 0.39426886 0.39630721 0.39837537 0.40046322 0.40256196 0.40466395 0.40676266 0.40885244 0.41092852 0.41298683
