dados_process/media_temp.asc
NCOLS 139
NROWS 92
XLLCORNER -40151.9
YLLCORNER 91363.3
CELLSIZE 250
NODATA_VALUE -9999
[rows 26 to 51 of 92, columns 0 to 59 of 139]
20.338046 20.341678 20.34558 20.349772 20.354275 20.359112 20.364309 20.369895 20.375901 20.382359 20.389309 20.396792 20.404853 20.413544 20.422921 20.433048 20.443993 20.455835 20.468661 20.482566 20.49766 20.514061 20.531903 20.551338 20.57253 20.595668 20.620958 20.648634 20.678953 20.712205 20.748712 20.788834 20.83297 20.881568 20.935126 20.994197 21.059403 21.131431 21.211048 21.29911 21.39656 21.504447 21.62392 21.756237 21.902759 22.064936 22.244287 22.442359 22.660665 22.900596 23.16329 23.44947 23.759224 24.091746 24.445039 24.815603 25.198151 25.585412 25.968103 26.33514
20.330436 20.334009 20.337855 20.341993 20.346444 20.351231 20.35638 20.361917 20.367874 20.374284 20.381182 20.38861 20.396611 20.405234 20.414532 20.424566 20.4354 20.447109 20.459773 20.473481 20.488334 20.504442 20.521929 20.540931 20.5616 20.584107 20.60864 20.635409 20.664648 20.696619 20.731611 20.769949 20.811995 20.858154 20.908876 20.964666 21.02609 21.093777 21.168434 21.250849 21.341898 21.442556 21.553897 21.6771 21.813443 21.964293 22.131081 22.315266 22.518276 22.741417 22.985758 23.251967 23.54011 23.849411 24.177972 24.522498 24.878048 25.237869 25.593398 25.934487
20.322188 20.325662 20.329407 20.333442 20.337789 20.342469 20.347508 20.352931 20.358768 20.365051 20.371814 20.379095 20.386936 20.395383 20.404486 20.414299 20.424885 20.43631 20.448648 20.461982 20.476401 20.492007 20.508909 20.527232 20.547111 20.568698 20.592161 20.617687 20.645484 20.675785 20.708846 20.744958 20.784442 20.827661 20.875018 20.926968 20.984022 21.046751 21.1158 21.19189 21.275829 21.368516 21.47095 21.584227 21.70954 21.848166 22.001446 22.170748 22.357406 22.562644 22.787455 23.032458 23.297707 23.58247 23.884979 24.202185 24.529544 24.860885 25.188437 25.503048
20.313318 20.316652 20.320253 20.324139 20.328332 20.332851 20.337721 20.342968 20.348617 20.3547 20.361249 20.368299 20.375888 20.384059 20.392858 20.402335 20.412545 20.42355 20.435415 20.448213 20.462026 20.476941 20.493058 20.510483 20.529337 20.549752 20.571874 20.595867 20.621912 20.650212 20.68099 20.714502 20.751028 20.790889 20.834441 20.882089 20.934288 20.991555 21.054469 21.123687 21.199946 21.284073 21.376988 21.479704 21.593329 21.719051 21.858121 22.011813 22.181373 22.367942 22.572449 22.795473 23.037072 23.296581 23.572392 23.861739 24.160516 24.463177 24.762777 25.051181
20.303842 20.306997 20.310413 20.314106 20.318097 20.322405 20.327053 20.332064 20.337463 20.343278 20.34954 20.356279 20.363532 20.371337 20.379734 20.388769 20.398491 20.408952 20.420213 20.432335 20.445389 20.459452 20.474607 20.490948 20.508576 20.527605 20.548158 20.570375 20.59441 20.620434 20.648642 20.679248 20.712498 20.748666 20.788064 20.831047 20.878016 20.929429 20.985806 21.047739 21.115896 21.191029 21.273983 21.365692 21.467179 21.579546 21.703955 21.841595 21.99363 22.161129 22.344967 22.545702 22.763415 22.997533 23.246636 23.508269 23.778791 24.0533 24.325678 24.588789
20.293781 20.296721 20.299912 20.303371 20.307116 20.311165 20.315539 20.32026 20.325351 20.330836 20.336744 20.343103 20.349943 20.3573 20.365208 20.373708 20.382841 20.392653 20.403194 20.414518 20.426684 20.439755 20.453803 20.468902 20.485139 20.502605 20.521404 20.541649 20.563468 20.587003 20.612414 20.639883 20.669612 20.701837 20.736823 20.774876 20.816345 20.861631 20.911195 20.965566 21.025344 21.091213 21.163942 21.244388 21.333497 21.43229 21.541848 21.663283 21.797688 21.946075 22.109282 22.287862 22.481942 22.691067 22.914023 23.148687 23.391892 23.639373 23.885814 24.125026
20.283156 20.285846 20.288777 20.291963 20.295421 20.299167 20.303221 20.307603 20.312332 20.317432 20.322926 20.32884 20.3352 20.342037 20.34938 20.357263 20.365721 20.374792 20.384518 20.394942 20.406111 20.418078 20.430897 20.44463 20.459344 20.475111 20.492012 20.510137 20.529587 20.550474 20.572927 20.597092 20.623134 20.651248 20.681653 20.714609 20.750413 20.789414 20.832014 20.878681 20.929953 20.986445 21.048859 21.11798 21.194682 21.279913 21.374685 21.480043 21.597025 21.726599 21.869586 22.026556 22.1977 22.382696 22.580557 22.789493 23.006804 23.228837 23.451029 23.668059
20.271991 20.274402 20.277038 20.279915 20.283048 20.286452 20.290143 20.29414 20.298461 20.303124 20.308152 20.313565 20.319386 20.32564 20.332353 20.33955 20.347261 20.355516 20.364347 20.373788 20.383876 20.394648 20.406148 20.418419 20.431512 20.445479 20.460381 20.476284 20.493262 20.511399 20.530793 20.551556 20.573817 20.59773 20.623473 20.651259 20.681338 20.714006 20.749612 20.788566 20.831346 20.878506 20.930685 20.988604 21.053072 21.124976 21.205268 21.294942 21.394995 21.506369 21.629886 21.766147 21.915429 22.077554 22.251764 22.436595 22.629796 22.828279 23.028166 23.224914
20.260315 20.262415 20.264726 20.267262 20.270036 20.27306 20.276351 20.279924 20.283793 20.287977 20.292492 20.297356 20.302588 20.308207 20.314234 20.320689 20.327595 20.334974 20.342848 20.351243 20.360184 20.369697 20.37981 20.390554 20.401961 20.414066 20.426907 20.440529 20.45498 20.470318 20.48661 20.503936 20.522391 20.54209 20.563172 20.585806 20.610197 20.636591 20.665288 20.696644 20.731083 20.769104 20.811287 20.8583 20.910896 20.969911 21.036252 21.110874 21.194747 21.288807 21.393889 21.510645 21.639442 21.780255 21.932549 22.095172 22.266279 22.443297 22.622952 22.801382
20.248154 20.249917 20.251876 20.25404 20.256424 20.259037 20.261894 20.265006 20.268389 20.272054 20.276016 20.280291 20.284891 20.289833 20.295131 20.3008 20.306855 20.313311 20.320184 20.327488 20.335237 20.343448 20.352136 20.361315 20.371002 20.381214 20.39197 20.403293 20.415209 20.427748 20.440951 20.454866 20.469555 20.485099 20.501598 20.519182 20.538011 20.55829 20.58027 20.604259 20.630633 20.659842 20.692416 20.728976 20.770231 20.816977 20.870087 20.930493 20.999153 21.077009 21.164922 21.263605 21.373522 21.494797 21.627103 21.769574 21.920728 22.078439 22.239958 22.402002
20.235539 20.23694 20.23852 20.240288 20.242253 20.244427 20.24682 20.249442 20.252306 20.255421 20.258798 20.26245 20.266385 20.270615 20.27515 20.279999 20.285171 20.290674 20.296514 20.3027 20.309234 20.316122 20.323366 20.330968 20.33893 20.347252 20.355935 20.364981 20.374394 20.384182 20.394357 20.404941 20.415965 20.427477 20.439543 20.452254 20.465734 20.480144 20.495696 20.512654 20.531352 20.552195 20.575675 20.602373 20.632963 20.668213 20.708974 20.756167 20.810751 20.873682 20.945863 21.028066 21.120856 21.224492 21.33884 21.46328 21.596644 21.737189 21.882604 22.030093
20.222498 20.223517 20.224696 20.226042 20.227566 20.229275 20.231179 20.233286 20.235604 20.238142 20.240908 20.24391 20.247155 20.250648 20.254396 20.258402 20.26267 20.267201 20.271995 20.27705 20.282362 20.287925 20.29373 20.299768 20.306026 20.312489 20.319142 20.325967 20.332949 20.340074 20.34733 20.354713 20.362227 20.369888 20.377733 20.385818 20.394232 20.403102 20.4126 20.422954 20.43446 20.447488 20.462497 20.480036 20.500756 20.525405 20.554825 20.589932 20.631698 20.681104 20.739095 20.806508 20.883997 20.971945 21.07038 21.178893 21.296578 21.422004 21.553223 21.687837
20.209064 20.209681 20.210438 20.211344 20.212405 20.213628 20.215021 20.216591 20.218342 20.220283 20.222417 20.22475 20.227284 20.230024 20.232969 20.236119 20.239473 20.243026 20.246771 20.250699 20.254797 20.259052 20.263444 20.267952 20.272551 20.277212 20.281905 20.286598 20.291254 20.295842 20.300327 20.304682 20.308887 20.312931 20.316822 20.320587 20.324284 20.328008 20.331897 20.33615 20.34103 20.346878 20.354124 20.363299 20.375033 20.390066 20.409236 20.433469 20.463752 20.501098 20.546495 20.600838 20.664862 20.739055 20.823575 20.918183 21.022183 21.134393 21.253159 21.376401
20.195268 20.195465 20.195784 20.196231 20.196811 20.197531 20.198396 20.19941 20.200579 20.201905 20.203392 20.205041 20.206854 20.208829 20.210965 20.213256 20.215695 20.218274 20.220979 20.223796 20.226706 20.229684 20.232704 20.235734 20.23874 20.241679 20.24451 20.247183 20.249649 20.251857 20.253754 20.255292 20.25643 20.257133 20.257383 20.257184 20.256564 20.255592 20.254379 20.253094 20.251975 20.251341 20.251601 20.253267 20.256962 20.26342 20.273485 20.288096 20.308263 20.335031 20.369428 20.412404 20.464756 20.527052 20.599555 20.682151 20.774303 20.875025 20.98289 21.096075
20.181141 20.180904 20.180769 20.180742 20.180827 20.181029 20.181351 20.181797 20.182369 20.183069 20.183898 20.184856 20.18594 20.187148 20.188473 20.189908 20.191442 20.19306 20.194747 20.19648 20.198235 20.199982 20.201687 20.203309 20.204804 20.206122 20.207206 20.207997 20.208432 20.208443 20.207963 20.206926 20.205271 20.202944 20.199906 20.196136 20.191642 20.186467 20.1807 20.174488 20.168045 20.161672 20.155762 20.150816 20.147451 20.146403 20.148524 20.154771 20.16618 20.183827 20.208778 20.242023 20.28441 20.33656 20.398806 20.471121 20.553084 20.64385 20.742168 20.846419
20.166714 20.16603 20.165429 20.164916 20.164494 20.164165 20.163933 20.1638 20.163766 20.163833 20.163998 20.16426 20.164615 20.165057 20.165578 20.166167 20.16681 20.16749 20.168186 20.168872 20.169519 20.170092 20.17055 20.170846 20.170928 20.170737 20.170209 20.169274 20.167855 20.165875 20.163252 20.159905 20.155757 20.150737 20.144789 20.137873 20.129978 20.121125 20.111385 20.100885 20.089823 20.078481 20.067241 20.056596 20.047159 20.039671 20.034995 20.034109 20.038073 20.047996 20.064976 20.090035 20.124048 20.167667 20.22126 20.284851 20.358089 20.440232 20.53016 20.626414
20.152019 20.150877 20.1498 20.14879 20.14785 20.146982 20.146188 20.145468 20.144822 20.144251 20.14375 20.143317 20.142945 20.142628 20.142356 20.142114 20.141888 20.141657 20.141397 20.141081 20.140674 20.140137 20.139426 20.138488 20.137265 20.135693 20.133699 20.131204 20.128126 20.124374 20.119857 20.114483 20.10816 20.100805 20.092345 20.082727 20.071921 20.059935 20.046822 20.032691 20.017727 20.002197 19.986473 19.971038 19.956505 19.943617 19.93325 19.926402 19.924162 19.927669 19.93805 19.95635 19.98345 20.020007 20.066387 20.12263 20.188418 20.263075 20.345579 20.4346
20.137087 20.135478 20.133915 20.1324 20.130935 20.12952 20.128157 20.126846 20.125586 20.124374 20.123208 20.122083 20.120991 20.119925 20.118873 20.117821 20.116751 20.115642 20.114468 20.113198 20.111797 20.110222 20.108426 20.106353 20.103942 20.101122 20.097816 20.09394 20.089404 20.084111 20.07796 20.07085 20.062681 20.053357 20.042795 20.030928 20.017715 20.003148 19.987267 19.970168 19.95202 19.93308 19.913705 19.894372 19.875685 19.858391 19.843375 19.831654 19.824348 19.822633 19.827666 19.840504 19.862022 19.892842 19.933294 19.983392 20.042821 20.110942 20.186808 20.269199
20.121947 20.119864 20.117809 20.115782 20.113786 20.111819 20.109884 20.107978 20.106101 20.104251 20.102422 20.10061 20.098808 20.097006 20.095193 20.093352 20.091467 20.089516 20.08747 20.0853 20.082967 20.08043 20.077637 20.074533 20.071052 20.067123 20.062665 20.057589 20.051802 20.045201 20.037681 20.029133 20.019449 20.008527 19.996274 19.982613 19.967494 19.950897 19.93285 19.913438 19.892816 19.871226 19.849014 19.82664 19.8047 19.783932 19.765224 19.749613 19.738254 19.73237 19.733164 19.741712 19.758854 19.785141 19.820813 19.865814 19.919804 19.982162 20.052006 20.128218
20.10663 20.104067 20.101513 20.09897 20.096438 20.093916 20.091406 20.088905 20.086412 20.083925 20.081438 20.078948 20.076445 20.073922 20.071366 20.068762 20.066092 20.063335 20.060464 20.057447 20.054248 20.050824 20.047124 20.043092 20.038663 20.033764 20.028312 20.022219 20.015387 20.007713 19.999085 19.989394 19.978525 19.96637 19.952832 19.937826 19.921292 19.903205 19.883582 19.862495 19.840087 19.816586 19.792317 19.767724 19.743377 19.719997 19.698461 19.679814 19.665254 19.656081 19.653588 19.658889 19.672775 19.695652 19.72759 19.768409 19.817717 19.874914 19.939188 20.009528
20.091164 20.088116 20.08506 20.081996 20.078925 20.075846 20.072759 20.069663 20.066556 20.063436 20.060298 20.057137 20.053946 20.050717 20.047438 20.044095 20.040671 20.037146 20.033494 20.029684 20.025683 20.021447 20.016928 20.012071 20.006812 20.001079 19.99479 19.987857 19.980182 19.971661 19.962183 19.951634 19.9399 19.926868 19.912438 19.89652 19.879049 19.859992 19.839358 19.81721 19.793678 19.768971 19.743394 19.717359 19.691403 19.666204 19.642601 19.621623 19.604513 19.592699 19.587663 19.590653 19.602382 19.622975 19.652179 19.689614 19.734838 19.787301 19.846291 19.910925
20.075577 20.072041 20.06848 20.064893 20.061281 20.057643 20.05398 20.05029 20.046571 20.042822 20.039038 20.035216 20.031348 20.027428 20.023446 20.019388 20.01524 20.010983 20.006593 20.002042 19.997299 19.992324 19.98707 19.981486 19.97551 19.969072 19.962095 19.954491 19.946166 19.937016 19.926931 19.915799 19.903504 19.889934 19.874985 19.858567 19.84061 19.821077 19.79997 19.777342 19.753311 19.728068 19.701892 19.675157 19.648347 19.622068 19.597073 19.574316 19.555042 19.540875 19.533722 19.535237 19.54605 19.565655 19.593156 19.627887 19.669432 19.717388 19.771207 19.830159
20.059898 20.055871 20.051802 20.04769 20.043536 20.039339 20.035099 20.030817 20.026489 20.022115 20.017693 20.013217 20.008685 20.004088 19.999421 19.994671 19.989825 19.984869 19.979781 19.974538 19.969109 19.96346 19.957549 19.951328 19.944739 19.937719 19.930192 19.922076 19.913279 19.903703 19.89324 19.881779 19.869208 19.855416 19.840297 19.823762 19.80574 19.786189 19.765108 19.742542 19.718596 19.693446 19.667341 19.640614 19.613682 19.587045 19.561301 19.537202 19.515831 19.498976 19.489456 19.490227 19.501932 19.522388 19.549305 19.581799 19.619787 19.663215 19.711781 19.764939
20.044153 20.039634 20.035055 20.030416 20.02572 20.020964 20.016149 20.011275 20.006342 20.001348 19.996291 19.991171 19.985983 19.980723 19.975386 19.969963 19.964445 19.958819 19.953069 19.947174 19.94111 19.934846 19.928348 19.92157 19.914463 19.906968 19.899016 19.89053 19.881426 19.871607 19.860973 19.849417 19.83683 19.823102 19.808132 19.791829 19.774124 19.754974 19.734373 19.712361 19.689037 19.664558 19.639152 19.613111 19.586782 19.560546 19.53478 19.509841 19.48621 19.465253 19.451252 19.451676 19.468093 19.492584 19.519925 19.550091 19.584174 19.622745 19.665786 19.712913
20.028369 20.023355 20.018266 20.013101 20.007861 20.002547 19.997157 19.991694 19.986157 19.980546 19.974862 19.969103 19.963268 19.957355 19.951361 19.945282 19.939111 19.932839 19.926455 19.919944 19.913286 19.906458 19.89943 19.892165 19.884621 19.876744 19.868476 19.859746 19.850475 19.840577 19.829956 19.81851 19.806136 19.792729 19.778189 19.76243 19.745381 19.727001 19.707283 19.686264 19.664035 19.640747 19.616611 19.591893 19.566891 19.541892 19.517064 19.492268 19.466745 19.439186 19.412553 19.410479 19.444069 19.478065 19.505116 19.531496 19.560669 19.593755 19.63085 19.671629
20.012571 20.007063 20.001463 19.995771 19.989988 19.984115 19.978153 19.972101 19.965963 19.959738 19.953428 19.947035 19.940559 19.934 19.92736 19.920636 19.913826 19.906927 19.899931 19.892831 19.885612 19.878258 19.870747 19.86305 19.855133 19.846953 19.838457 19.829587 19.82027 19.810429 19.799977 19.788817 19.776854 19.763986 19.75012 19.73517 19.719069 19.701776 19.683284 19.66363 19.642902 19.621249 19.598878 19.576048 19.553054 19.530166 19.507509 19.484753 19.460208 19.427689 19.366464 19.325985 19.445748 19.485644 19.504777 19.523987 19.546801 19.573682 19.604387 19.638495
