dados_process/media_vento.asc.aux.xml
NCOLS 139
NROWS 92
XLLCORNER -40151.9
YLLCORNER 91363.3
CELLSIZE 250
NODATA_VALUE -9999
[rows 25 to 49 of 92, columns 57 to 113 of 139]
0.49952962 0.49829266 0.49732896 0.496638 0.49618289 0.49588613 0.49563104 0.49526975 0.49463736 0.49356986 0.49192282 0.48958723 0.48649998 0.48264807 0.47806654 0.47283188 0.46705246 0.46085786 0.45438846 0.44778623 0.44118722 0.43471585 0.42848102 0.42257393 0.41706715 0.41201488 0.40745398 0.40340565 0.39987739 0.39686516 0.39435553 0.39232778 0.39075578 0.38960965 0.38885724 0.38846528 0.38840038 0.38862977 0.38912181 0.38984649 0.39077559 0.39188293 0.39314438 0.39453789 0.39604343 0.39764294 0.39932021 0.40106074 0.40285166 0.40468156 0.40654037 0.40841927 0.41031051 0.41220737 0.41410399 0.41599531 0.41787699
0.50373767 0.50194194 0.50039055 0.49909812 0.49804828 0.49718912 0.49643324 0.49566351 0.49474425 0.49353598 0.49191107 0.48976762 0.4870392 0.48369953 0.47976207 0.47527575 0.47031794 0.46498627 0.45939039 0.45364436 0.44786027 0.44214318 0.43658749 0.43127455 0.42627143 0.4216306 0.41739038 0.41357588 0.4102004 0.40726693 0.40476983 0.40269646 0.40102876 0.39974462 0.39881917 0.39822588 0.39793738 0.39792624 0.39816555 0.39862929 0.39929272 0.4001325 0.4011269 0.40225581 0.40350078 0.40484497 0.40627311 0.40777143 0.40932755 0.4109304 0.41257014 0.414238 0.41592627 0.41762813 0.4193376 0.42104945 0.42275914
0.50869616 0.50641097 0.50433911 0.50250797 0.50091891 0.49954221 0.49831614 0.49715075 0.49593641 0.49455577 0.49289695 0.49086558 0.48839392 0.48544586 0.48201793 0.47813681 0.47385447 0.469242 0.46438311 0.45936794 0.45428763 0.44922988 0.44427552 0.43949619 0.4349528 0.43069491 0.42676067 0.4231773 0.41996193 0.41712269 0.4146599 0.41256738 0.41083365 0.40944314 0.40837725 0.40761528 0.40713528 0.40691469 0.4069309 0.40716172 0.40758566 0.4081822 0.40893199 0.4098169 0.41082008 0.41192602 0.4131205 0.41439055 0.41572443 0.41711151 0.41854226 0.42000811 0.42150143 0.42301544 0.42454412 0.42608213 0.4276248
0.51445369 0.51175712 0.5092407 0.50694205 0.50487699 0.50303449 0.5013747 0.49983125 0.49831756 0.49673641 0.49499093 0.49299509 0.49068205 0.48800948 0.48496141 0.48154733 0.47779892 0.47376563 0.46950962 0.4651007 0.46061185 0.45611527 0.45167933 0.44736619 0.44323029 0.4393174 0.43566427 0.43229875 0.42924021 0.42650026 0.42408363 0.42198909 0.42021043 0.41873742 0.41755672 0.41665264 0.41600795 0.41560439 0.41542329 0.41544593 0.41565389 0.41602935 0.41655522 0.41721531 0.41799442 0.4188784 0.41985411 0.42090947 0.42203344 0.42321592 0.42444776 0.42572069 0.42702726 0.42836076 0.42971522 0.43108528 0.4324662
0.52100415 0.51797688 0.51509441 0.51240188 0.50992648 0.50767233 0.50561789 0.50371698 0.50190333 0.50009813 0.49821899 0.4961891 0.49394476 0.49144067 0.48865253 0.48557712 0.48223049 0.47864481 0.47486456 0.47094252 0.46693605 0.46290368 0.45890235 0.45498526 0.45120023 0.44758867 0.44418504 0.44101663 0.43810378 0.43546024 0.43309375 0.43100676 0.42919712 0.42765886 0.42638294 0.42535789 0.4245705 0.42400627 0.42365 0.42348611 0.42349901 0.42367332 0.42399415 0.42444718 0.42501879 0.42569617 0.42646732 0.42732107 0.4282471 0.42923593 0.43027885 0.43136793 0.43249597 0.43365642 0.43484339 0.43605156 0.43727619
0.5282908 0.52501117 0.52183889 0.51882416 0.51600265 0.51339043 0.510981 0.50874538 0.50663515 0.5045883 0.50253651 0.50041293 0.49815891 0.49572908 0.49309436 0.49024281 0.48717886 0.48392124 0.48050022 0.47695448 0.47332807 0.46966759 0.46601971 0.46242917 0.4589373 0.45558083 0.45239128 0.44939454 0.44661089 0.44405509 0.4417368 0.43966101 0.4378286 0.4362369 0.43488028 0.43375075 0.43283843 0.43213208 0.43161947 0.43128783 0.43112407 0.4311151 0.43124801 0.43151025 0.43188972 0.43237492 0.43295495 0.43361957 0.43435922 0.43516504 0.43602882 0.43694302 0.43790071 0.43889557 0.43992185 0.44097433 0.44204827
0.53621367 0.53275404 0.52936255 0.52609235 0.52298509 0.52006603 0.5173409 0.51479523 0.51239627 0.51009732 0.50784361 0.50557872 0.50325054 0.500816 0.49824417 0.49551774 0.49263294 0.48959838 0.48643316 0.48316446 0.47982519 0.47645163 0.47308129 0.46975117 0.46649632 0.4633487 0.4603365 0.4574836 0.45480942 0.4523289 0.45005268 0.44798738 0.446136 0.44449832 0.4430714 0.44184997 0.44082692 0.43999371 0.43934068 0.43885745 0.43853318 0.43835679 0.43831722 0.43840351 0.43860502 0.43891147 0.43931303 0.43980037 0.4403647 0.44099778 0.44169194 0.44244003 0.44323547 0.44407217 0.44494458 0.44584759 0.44677653
0.54463922 0.54106366 0.5375159 0.53405034 0.53071255 0.52753473 0.52453242 0.52170335 0.51902841 0.51647481 0.51400059 0.51155994 0.50910829 0.50660659 0.50402443 0.50134181 0.49854963 0.49564919 0.492651 0.48957311 0.4864392 0.48327678 0.48011534 0.47698486 0.4739145 0.47093153 0.4680606 0.4653232 0.46273736 0.46031751 0.45807456 0.45601603 0.45414627 0.45246682 0.45097672 0.44967284 0.44855029 0.44760271 0.44682262 0.4462017 0.44573101 0.44540129 0.44520309 0.44512695 0.44516351 0.44530367 0.44553861 0.44585987 0.44625941 0.44672962 0.44726335 0.4478539 0.44849502 0.44918091 0.44990621 0.45066598 0.45145566
0.55341126 0.54977448 0.54612486 0.54251676 0.53899813 0.53560624 0.53236448 0.52928072 0.52634768 0.52354497 0.52084259 0.51820512 0.51559604 0.51298152 0.51033339 0.50763105 0.50486236 0.50202365 0.49911911 0.49615963 0.49316147 0.49014476 0.48713211 0.48414725 0.48121394 0.47835496 0.47559144 0.47294223 0.47042361 0.46804907 0.46582921 0.46377186 0.46188216 0.46016279 0.4586142 0.45723488 0.45602166 0.45496996 0.45407405 0.45332734 0.45272255 0.45225197 0.45190759 0.45168125 0.45156481 0.45155022 0.45162959 0.45179532 0.45204006 0.45235684 0.452739 0.4531803 0.45367484 0.45421712 0.454802 0.45542473 0.45608088
0.5623621 0.5587093 0.55500369 0.55129871 0.54764354 0.5440791 0.5406349 0.53732723 0.53415887 0.53112039 0.52819264 0.52535009 0.52256433 0.51980743 0.51705461 0.51428622 0.51148887 0.50865584 0.50578684 0.50288738 0.49996782 0.49704229 0.49412754 0.49124189 0.48840423 0.48563322 0.48294652 0.48036034 0.477889 0.47554471 0.47333743 0.47127482 0.46936235 0.46760335 0.46599924 0.46454968 0.46325278 0.46210536 0.46110313 0.4602409 0.4595128 0.45891243 0.45843304 0.45806763 0.45780913 0.45765045 0.45758458 0.45760468 0.45770409 0.45787641 0.45811551 0.45841556 0.45877105 0.45917675 0.4596278 0.46011961 0.46064792
0.57132295 0.56769042 0.56396677 0.560204 0.55645169 0.55275328 0.54914303 0.54564406 0.54226761 0.53901367 0.53587276 0.53282842 0.5298601 0.52694595 0.52406527 0.52120046 0.5183382 0.5154702 0.51259323 0.5097089 0.50682307 0.50394504 0.50108673 0.49826186 0.49548506 0.49277121 0.49013481 0.48758943 0.48514741 0.48281949 0.48061472 0.47854032 0.4766017 0.47480252 0.47314475 0.47162886 0.47025392 0.4690178 0.46791734 0.46694852 0.46610661 0.46538633 0.464782 0.46428764 0.46389713 0.46360423 0.46340274 0.46328651 0.46324953 0.46328594 0.46339012 0.46355664 0.46378034 0.46405633 0.46437997 0.46474689 0.46515298
0.58013301 0.57654913 0.57283842 0.56905119 0.56523683 0.56144043 0.55769986 0.55404363 0.55048991 0.54704667 0.54371277 0.54047984 0.5373346 0.53426115 0.53124319 0.52826577 0.52531664 0.52238701 0.51947198 0.51657051 0.51368509 0.51082131 0.50798721 0.50519263 0.5024486 0.49976668 0.49715847 0.49463512 0.49220697 0.48988328 0.48767204 0.4855798 0.48361172 0.48177146 0.48006129 0.47848219 0.47703389 0.47571507 0.47452343 0.47345586 0.47250859 0.47167726 0.47095712 0.47034306 0.46982977 0.46941181 0.46908367 0.46883985 0.46867493 0.46858356 0.46856058 0.46860098 0.46869995 0.46885287 0.46905538 0.46930331 0.46959274
0.58864659 0.58513307 0.58146042 0.57767715 0.57383211 0.56997136 0.56613534 0.56235674 0.55865926 0.55505735 0.5515569 0.54815656 0.54484949 0.54162536 0.53847223 0.53537816 0.53233253 0.52932692 0.52635568 0.5234161 0.52050835 0.51763521 0.5148017 0.51201456 0.50928178 0.5066121 0.50401457 0.50149813 0.49907127 0.49674179 0.49451656 0.4924014 0.49040099 0.48851886 0.48675736 0.48511773 0.48360016 0.4822039 0.48092732 0.47976802 0.478723 0.47778868 0.47696105 0.47623578 0.47560828 0.47507376 0.47462736 0.47426416 0.47397928 0.47376785 0.47362515 0.47354654 0.47352754 0.47356385 0.47365134 0.47378606 0.47396426
0.59673825 0.59331137 0.5896971 0.58594214 0.58209456 0.57820086 0.5743032 0.57043732 0.56663113 0.56290424 0.55926823 0.55572758 0.55228104 0.54892326 0.54564639 0.54244154 0.53930008 0.53621451 0.53317912 0.53019033 0.52724681 0.52434935 0.52150069 0.51870515 0.51596827 0.51329645 0.51069657 0.50817562 0.50574045 0.50339747 0.50115247 0.49901049 0.49697569 0.4950513 0.49323962 0.49154201 0.48995895 0.48849006 0.48713421 0.48588959 0.48475377 0.48372383 0.4827964 0.48196778 0.48123399 0.48059085 0.48003406 0.47955922 0.47916194 0.47883779 0.47858245 0.47839165 0.47826122 0.47818715 0.47816555 0.47819269 0.47826499
0.60430582 0.60097761 0.59743818 0.59373251 0.58990774 0.5860103 0.58208339 0.57816477 0.57428545 0.57046889 0.56673112 0.5630813 0.55952283 0.5560546 0.55267246 0.54937046 0.54614203 0.54298094 0.5398819 0.53684108 0.53385629 0.53092703 0.5280544 0.52524089 0.52249016 0.51980673 0.51719568 0.51466238 0.51221222 0.50985039 0.50758168 0.50541036 0.50334004 0.50137363 0.49951327 0.49776032 0.49611541 0.49457845 0.49314866 0.49182465 0.4906045 0.48948579 0.48846568 0.48754102 0.48670837 0.48596406 0.48530428 0.48472511 0.48422258 0.4837927 0.48343149 0.48313503 0.48289946 0.48272103 0.4825961 0.48252113 0.48249275
0.61127156 0.6080508 0.60459964 0.60096144 0.59718225 0.5933081 0.58938255 0.58544458 0.5815272 0.57765663 0.57385217 0.57012656 0.56648689 0.56293558 0.55947163 0.55609173 0.55279139 0.54956572 0.54641024 0.54332126 0.54029624 0.53733395 0.53443439 0.53159878 0.52882938 0.52612925 0.52350206 0.52095185 0.51848279 0.51609904 0.5138045 0.51160275 0.50949686 0.5074894 0.5055823 0.50377688 0.50207384 0.50047325 0.49897461 0.49757686 0.49627846 0.4950774 0.49397132 0.4929575 0.49203296 0.49119449 0.49043871 0.48976213 0.48916117 0.4886322 0.4881716 0.48777575 0.48744108 0.48716411 0.4869414 0.48676966 0.48664565
0.61758185 0.61447482 0.61112295 0.60756802 0.60385486 0.60002875 0.59613309 0.59220734 0.58828563 0.58439593 0.58055975 0.57679244 0.57310384 0.56949914 0.56597993 0.56254519 0.55919229 0.55591778 0.55271807 0.54958995 0.54653092 0.54353941 0.54061481 0.53775751 0.53496878 0.53225065 0.52960571 0.52703697 0.52454764 0.52214102 0.51982028 0.51758837 0.51544794 0.51340118 0.51144983 0.50959515 0.50783783 0.50617807 0.50461557 0.50314951 0.50177867 0.50050139 0.49931567 0.49821919 0.49720936 0.49628337 0.49543822 0.4946708 0.49397787 0.49335616 0.49280236 0.49231313 0.49188519 0.49151528 0.4912002 0.49093684 0.49072215
0.62320546 0.62021662 0.61697317 0.61351527 0.60988636 0.60613071 0.60229108 0.59840683 0.59451245 0.59063678 0.58680267 0.58302715 0.57932199 0.57569441 0.572148 0.56868362 0.56530026 0.56199578 0.5587676 0.55561313 0.55253018 0.54951715 0.5465732 0.54369826 0.54089299 0.53815871 0.53549726 0.53291091 0.53040215 0.5279736 0.52562786 0.52336739 0.52119443 0.51911091 0.51711839 0.51521801 0.51341049 0.5116961 0.51007467 0.50854562 0.50710796 0.50576032 0.50450103 0.50332808 0.50223924 0.50123203 0.50030382 0.49945181 0.4986731 0.49796472 0.49732363 0.4967468 0.49623118 0.49577374 0.4953715 0.49502152 0.49472096
0.62813112 0.62526361 0.62213622 0.61878733 0.61525881 0.61159362 0.60783356 0.60401736 0.60017933 0.59634845 0.59254813 0.58879632 0.58510593 0.58148554 0.57794019 0.57447217 0.57108178 0.56776807 0.56452938 0.56136387 0.55826978 0.55524577 0.55229102 0.54940529 0.54658894 0.54384289 0.54116853 0.5385676 0.53604211 0.5335942 0.53122605 0.52893975 0.52673724 0.52462023 0.52259013 0.52064802 0.5187946 0.51703022 0.51535483 0.51376802 0.51226901 0.51085669 0.50952964 0.50828616 0.50712431 0.50604192 0.50503667 0.50410604 0.50324745 0.50245819 0.50173551 0.50107662 0.50047869 0.49993894 0.49945457 0.49902284 0.49864105
0.6323644 0.62962051 0.62661575 0.62338633 0.6199723 0.61641511 0.61275534 0.60903079 0.60527507 0.6015168 0.59777932 0.59408078 0.59043461 0.58685013 0.58333327 0.57988731 0.57651356 0.57321204 0.56998195 0.56682214 0.56373143 0.56070887 0.55775385 0.55486621 0.55204626 0.54929476 0.54661288 0.54400209 0.54146409 0.53900075 0.53661394 0.53430553 0.53207725 0.52993067 0.52786708 0.52588754 0.52399277 0.52218317 0.52045882 0.51881943 0.51726444 0.51579295 0.51440378 0.51309548 0.51186637 0.51071458 0.50963803 0.50863452 0.50770169 0.50683712 0.5060383 0.50530265 0.50462761 0.50401057 0.50344893 0.50294014 0.50248164
0.63592421 0.63330611 0.63042993 0.62732917 0.62404178 0.62060758 0.61706586 0.61345331 0.60980255 0.60614144 0.60249271 0.59887419 0.59529923 0.59177733 0.58831482 0.58491554 0.58158149 0.57831341 0.57511122 0.57197445 0.56890251 0.56589491 0.5629514 0.56007208 0.55725741 0.55450818 0.55182553 0.54921086 0.54666576 0.54419195 0.54179117 0.53946517 0.53721557 0.53504385 0.5329513 0.53093895 0.52900757 0.52715764 0.52538934 0.52370255 0.52209686 0.52057158 0.51912573 0.51775812 0.51646731 0.51525165 0.51410935 0.51303842 0.51203677 0.51110222 0.51023248 0.5094252 0.50867802 0.50798853 0.50735432 0.506773 0.50624219
0.63883932 0.63635006 0.6336084 0.63064439 0.62749378 0.62419493 0.62078592 0.61730233 0.61377571 0.61023283 0.60669544 0.60318057 0.59970099 0.59626589 0.59288152 0.58955189 0.58627937 0.58306516 0.57990975 0.57681325 0.57377564 0.57079694 0.56787736 0.56501736 0.56221768 0.55947934 0.5568036 0.55419194 0.55164599 0.54916746 0.5467581 0.54441964 0.54215368 0.53996171 0.53784504 0.53580474 0.53384166 0.53195637 0.53014917 0.5284201 0.5267689 0.52519508 0.52369787 0.52227628 0.5209291 0.51965491 0.51845215 0.51731907 0.5162538 0.51525438 0.51431874 0.51344475 0.51263022 0.51187295 0.5111707 0.51052123 0.50992232
0.64114529 0.63879031 0.63618959 0.63336936 0.63036353 0.62720948 0.62394454 0.6206034 0.61721654 0.61380946 0.61040263 0.60701186 0.6036489 0.60032216 0.5970374 0.59379842 0.59060763 0.58746645 0.58437577 0.58133616 0.57834812 0.57541218 0.57252907 0.56969967 0.56692513 0.56420678 0.56154616 0.55894495 0.55640495 0.553928 0.55151594 0.54917057 0.54689359 0.54468655 0.54255084 0.54048763 0.53849786 0.53658223 0.53474117 0.53297489 0.53128329 0.52966607 0.52812264 0.52665223 0.52525383 0.52392625 0.52266813 0.52147794 0.52035404 0.51929466 0.51829794 0.51736195 0.51648469 0.51566412 0.51489819 0.51418481 0.51352191
0.64288277 0.64067146 0.63821873 0.63554784 0.6326921 0.62968904 0.626576 0.62338723 0.62015223 0.61689513 0.61363484 0.61038557 0.60715761 0.60395817 0.60079212 0.5976627 0.59457202 0.59152153 0.58851229 0.58554523 0.58262129 0.57974153 0.57690714 0.57411954 0.57138032 0.56869122 0.56605416 0.56347112 0.56094417 0.55847537 0.55606677 0.55372033 0.55143789 0.54922114 0.54707162 0.54499061 0.54297922 0.54103827 0.53916838 0.53736989 0.5356429 0.53398727 0.53240262 0.53088838 0.52944373 0.5280677 0.52675911 0.52551667 0.52433891 0.52322428 0.52217111 0.52117764 0.52024208 0.51936254 0.51853712 0.51776391 0.51704097
0.64409863 0.64204458 0.63974634 0.63722757 0.6345236 0.63167387 0.62871681 0.62568676 0.6226124 0.61951637 0.61641569 0.61332258 0.61024544 0.60718984 0.60415938 0.60115637 0.59818237 0.5952386 0.59232614 0.58944615 0.58659993 0.583789 0.58101508 0.57828009 0.57558612 0.57293541 0.57033031 0.56777319 0.56526646 0.56281251 0.56041363 0.55807204 0.55578979 0.55356878 0.55141071 0.54931706 0.54728909 0.54532782 0.54343402 0.54160823 0.53985072 0.53816155 0.53654053 0.53498726 0.53350115 0.5320814 0.53072706 0.529437 0.52820998 0.52704461 0.52593942 0.52489283 0.52390321 0.52296884 0.52208799 0.52125888 0.5204797
