dados_process/media_vento.asc.aux.xml
NCOLS 139
NROWS 92
XLLCORNER -40151.9
YLLCORNER 91363.3
CELLSIZE 250
NODATA_VALUE -9999
[rows 50 to 74 of 92, columns 57 to 113 of 139]
0.64485109 0.64296798 0.6408267 0.63845773 0.63590216 0.63320355 0.63040262 0.62753428 0.62462644 0.62169999 0.61876965 0.61584517 0.61293257 0.61003535 0.60715544 0.60429389 0.60145145 0.59862889 0.59582715 0.5930475 0.59029156 0.58756125 0.58485879 0.58218664 0.57954743 0.57694391 0.57437892 0.57185529 0.56937585 0.56694335 0.56456043 0.56222959 0.55995316 0.55773329 0.5555719 0.55347069 0.55143113 0.54945443 0.54754156 0.54569324 0.54390996 0.54219194 0.54053921 0.53895155 0.53742857 0.53596967 0.53457407 0.53324086 0.53196896 0.53075718 0.52960422 0.52850867 0.52746906 0.52648385 0.52555144 0.5246702 0.52383847
0.64521601 0.64350684 0.64151499 0.6392852 0.63686815 0.63431344 0.63166499 0.62895853 0.62622092 0.62347082 0.62072003 0.61797523 0.61523949 0.61251378 0.60979791 0.60709143 0.60439399 0.60170573 0.59902734 0.59636013 0.59370593 0.59106706 0.58844624 0.58584644 0.58327088 0.58072286 0.57820573 0.57572286 0.57327751 0.57087286 0.56851195 0.56619761 0.5639325 0.56171905 0.55955945 0.55745565 0.55540934 0.55342196 0.5514947 0.54962848 0.54782399 0.54608165 0.54440169 0.54278409 0.54122864 0.53973494 0.5383024 0.53693029 0.53561771 0.53436364 0.53316697 0.53202644 0.53094076 0.52990852 0.52892828 0.52799855 0.52711778
0.64528501 0.64372774 0.64186155 0.63974938 0.63745351 0.6350306 0.63252797 0.62998177 0.62741715 0.62484963 0.62228726 0.61973279 0.61718574 0.61464394 0.6121048 0.60956597 0.60702588 0.60448389 0.60194036 0.59939655 0.5968545 0.59431692 0.59178701 0.58926831 0.5867646 0.58427977 0.58181776 0.57938244 0.57697761 0.57460689 0.57227375 0.56998142 0.5677329 0.56553094 0.56337805 0.56127643 0.55922804 0.55723456 0.55529741 0.55341772 0.55159639 0.54983407 0.54813116 0.54648786 0.54490415 0.5433798 0.54191443 0.54050747 0.53915821 0.5378658 0.53662929 0.53544759 0.53431956 0.53324394 0.53221944 0.53124469 0.53031829
0.64514557 0.64368586 0.64190275 0.63987514 0.63767628 0.63536945 0.63300457 0.63061709 0.62822907 0.62585156 0.62348758 0.62113501 0.61878898 0.61644371 0.61409376 0.61173473 0.60936365 0.60697907 0.60458095 0.60217052 0.59975006 0.59732268 0.59489207 0.59246237 0.59003796 0.58762336 0.58522309 0.58284161 0.58048323 0.57815211 0.57585214 0.57358698 0.57136002 0.56917436 0.56703283 0.56493793 0.56289189 0.56089666 0.55895388 0.55706494 0.55523094 0.55345275 0.55173097 0.550066 0.54845801 0.54690697 0.54541266 0.54397471 0.54259258 0.54126558 0.53999292 0.53877368 0.53760685 0.53649134 0.53542598 0.53440955 0.53344076
0.64484939 0.64340788 0.64165001 0.63966501 0.63753475 0.63532742 0.63309368 0.63086617 0.62866173 0.62648499 0.62433236 0.6221956 0.62006466 0.6179296 0.61578185 0.61361484 0.61142415 0.60920754 0.60696466 0.60469678 0.60240646 0.60009726 0.59777346 0.59543982 0.59310138 0.5907633 0.58843074 0.58610876 0.58380226 0.58151589 0.57925404 0.57702083 0.57482004 0.57265515 0.57052932 0.56844538 0.56640586 0.56441296 0.56246858 0.56057435 0.55873161 0.55694143 0.55520463 0.5535218 0.5518933 0.5503193 0.54879975 0.54733446 0.54592306 0.54456503 0.54325972 0.54200638 0.54080415 0.53965207 0.5385491 0.53749416 0.53648609
0.6443907 0.64287829 0.64108019 0.63909223 0.63700251 0.63488161 0.63277794 0.63071814 0.62871078 0.62675151 0.62482817 0.62292509 0.62102619 0.61911699 0.61718563 0.61522337 0.6132245 0.61118614 0.60910777 0.60699086 0.60483839 0.60265451 0.60044416 0.59821278 0.59596615 0.59371013 0.59145054 0.58919309 0.58694325 0.58470625 0.58248699 0.58029003 0.5781196 0.57597955 0.57387342 0.57180436 0.56977519 0.56778841 0.56584618 0.56395037 0.56210255 0.56030401 0.55855579 0.55685867 0.55521321 0.55361976 0.55207846 0.55058927 0.549152 0.54776629 0.54643166 0.54514749 0.54391306 0.54272756 0.54159009 0.54049968 0.53945528
0.64370475 0.6420337 0.64013003 0.63809652 0.63602584 0.63398763 0.63202375 0.63015032 0.62836363 0.62664718 0.62497807 0.62333189 0.62168589 0.62002081 0.61832165 0.61657773 0.61478236 0.61293233 0.61102726 0.60906908 0.6070614 0.60500911 0.60291794 0.60079418 0.59864436 0.59647511 0.59429299 0.59210437 0.58991537 0.58773176 0.58555898 0.58340208 0.58126573 0.57915419 0.57707135 0.5750207 0.5730054 0.5710282 0.56909155 0.56719757 0.56534806 0.56354454 0.56178824 0.56008017 0.55842106 0.55681144 0.55525164 0.5537418 0.55228186 0.55087165 0.54951081 0.5481989 0.54693531 0.54571939 0.54455034 0.54342734 0.54234945
0.64267763 0.64076491 0.63869652 0.63658493 0.63452562 0.63258248 0.63078471 0.62913186 0.62760292 0.62616568 0.62478432 0.62342456 0.62205671 0.62065693 0.6192075 0.61769637 0.6161164 0.61446456 0.61274107 0.61094864 0.60909184 0.60717651 0.60520936 0.60319762 0.60114872 0.59907013 0.59696919 0.59485298 0.59272826 0.59060143 0.58847845 0.58636488 0.58426583 0.58218598 0.5801296 0.57810052 0.5761022 0.57413771 0.57220976 0.57032071 0.56847261 0.5666672 0.56490591 0.56318996 0.56152026 0.55989754 0.55832228 0.55679479 0.55531518 0.55388343 0.55249934 0.55116257 0.54987271 0.54862918 0.54743134 0.54627848 0.54516977
0.64115872 0.63892635 0.63664551 0.63444068 0.63240644 0.63059364 0.6290102 0.62763138 0.62641309 0.62530369 0.62425256 0.62321503 0.62215473 0.62104396 0.61986315 0.61859974 0.61724699 0.61580274 0.61426836 0.61264783 0.61094701 0.60917299 0.60733369 0.6054374 0.6034926 0.60150765 0.59949074 0.59744972 0.59539202 0.59332467 0.59125418 0.58918662 0.58712757 0.58508211 0.58305489 0.58105011 0.57907152 0.5771225 0.57520601 0.57332468 0.57148078 0.56967628 0.56791282 0.5661918 0.56451434 0.56288132 0.56129341 0.55975108 0.5582546 0.55680407 0.55539947 0.55404059 0.55272713 0.55145866 0.55023466 0.54905452 0.54791754
0.63897936 0.63635668 0.63383285 0.63154386 0.62957616 0.62795651 0.62666029 0.62562928 0.62479007 0.62406835 0.62339754 0.62272288 0.62200229 0.62120554 0.62031254 0.61931148 0.61819701 0.61696874 0.61562987 0.61418619 0.61264525 0.61101573 0.60930694 0.60752845 0.60568987 0.60380059 0.60186968 0.59990579 0.59791708 0.59591119 0.59389523 0.59187577 0.58985885 0.58784997 0.58585416 0.58387595 0.58191942 0.57998823 0.57808562 0.57621446 0.57437725 0.57257616 0.57081306 0.56908953 0.56740687 0.56576613 0.56416816 0.56261357 0.56110279 0.55963608 0.55821352 0.55683506 0.55550053 0.55420962 0.55296192 0.55175694 0.55059409
0.63598695 0.6329166 0.63014242 0.62780723 0.62597743 0.62464094 0.62372704 0.6231341 0.62275367 0.62248637 0.62224968 0.62197995 0.62163124 0.62117263 0.62058524 0.61985947 0.61899261 0.61798695 0.61684828 0.61558476 0.61420609 0.6127228 0.61114586 0.60948629 0.60775494 0.6059623 0.60411839 0.6022327 0.60031412 0.59837095 0.59641088 0.59444097 0.59246773 0.59049709 0.58853443 0.58658463 0.58465207 0.5827407 0.58085402 0.57899513 0.57716676 0.5753713 0.57361081 0.57188705 0.5702015 0.56855539 0.5669497 0.56538522 0.56386252 0.56238198 0.56094385 0.55954818 0.55819493 0.55688391 0.55561483 0.5543873 0.55320084
0.63209882 0.62854546 0.62554079 0.62322508 0.62162884 0.62068388 0.62025925 0.62020071 0.62036037 0.62061295 0.62086115 0.6210346 0.62108582 0.62098544 0.62071771 0.62027676 0.61966375 0.61888459 0.61794837 0.61686618 0.61565021 0.61431318 0.61286791 0.61132699 0.60970263 0.60800647 0.60624954 0.60444219 0.60259405 0.60071408 0.59881053 0.59689099 0.5949624 0.5930311 0.59110284 0.58918281 0.58727571 0.58538574 0.58351666 0.58167181 0.57985412 0.5780662 0.57631027 0.5745883 0.57290192 0.57125252 0.56964125 0.56806903 0.56653657 0.56504439 0.56359286 0.56218218 0.56081239 0.55948344 0.55819514 0.55694721 0.55573926
0.62736712 0.62332613 0.62013699 0.61792434 0.61666545 0.61621973 0.61638405 0.61694503 0.61771327 0.61853827 0.61931012 0.61995431 0.62042433 0.62069451 0.62075394 0.6206019 0.62024441 0.61969183 0.61895711 0.61805466 0.6169995 0.61580673 0.61449116 0.61306707 0.61154809 0.60994705 0.608276 0.60654614 0.60476787 0.60295077 0.60110367 0.59923465 0.59735108 0.59545968 0.59356654 0.59167719 0.58979659 0.58792921 0.58607904 0.58424963 0.58244414 0.58066535 0.57891567 0.57719723 0.57551182 0.573861 0.57224604 0.57066801 0.56912776 0.56762593 0.56616301 0.56473931 0.563355 0.56201014 0.56070463 0.55943829 0.55821085
0.6220297 0.61753221 0.61422279 0.61219593 0.61136138 0.61149524 0.61231605 0.61354929 0.61496469 0.61638864 0.61770107 0.61882567 0.61971891 0.62036035 0.62074516 0.62087864 0.62077236 0.62044155 0.61990337 0.61917579 0.61827678 0.61722395 0.61603415 0.61472338 0.61330669 0.61179811 0.61021068 0.60855647 0.60684658 0.60509123 0.60329977 0.60148075 0.59964195 0.59779045 0.59593268 0.59407444 0.59222096 0.59037695 0.58854662 0.58673373 0.58494163 0.58317327 0.58143123 0.5797178 0.57803492 0.57638429 0.57476732 0.5731852 0.57163891 0.57012922 0.56865673 0.56722186 0.56582489 0.56446597 0.56314512 0.56186224 0.56061715
0.61651527 0.61162612 0.60826488 0.60648314 0.60611639 0.60685636 0.6083456 0.61025211 0.61230833 0.61432039 0.61616015 0.61775089 0.61905288 0.62005152 0.62074836 0.62115488 0.62128827 0.62116868 0.62081747 0.62025611 0.61950554 0.61858576 0.61751565 0.61631287 0.61499383 0.6135737 0.61206648 0.61048502 0.60884112 0.60714557 0.6054082 0.603638 0.60184312 0.60003099 0.5982083 0.59638114 0.59455498 0.59273473 0.59092482 0.58912918 0.58735134 0.58559441 0.58386114 0.58215393 0.58047489 0.57882584 0.57720831 0.57562362 0.57407287 0.57255693 0.57107651 0.56963214 0.5682242 0.56685293 0.56551845 0.56422076 0.56295975
0.61138597 0.60619286 0.60283665 0.6013178 0.60140095 0.60270373 0.60480441 0.60732293 0.60996061 0.61250653 0.61482567 0.61684094 0.61851594 0.61984115 0.62082375 0.62148073 0.62183434 0.62190916 0.62173034 0.62132256 0.62070941 0.61991312 0.61895438 0.61785237 0.61662473 0.61528768 0.61385605 0.61234343 0.61076221 0.60912369 0.60743814 0.60571493 0.60396255 0.6021887 0.60040034 0.59860378 0.59680471 0.59500824 0.59321896 0.59144098 0.58967797 0.58793319 0.58620952 0.58450951 0.58283538 0.58118906 0.57957222 0.57798628 0.57643243 0.57491167 0.57342479 0.57197243 0.57055506 0.56917301 0.56782648 0.56651556 0.56524023
0.60723256 0.60182809 0.59850905 0.59722233 0.59767422 0.59942797 0.60201662 0.60502614 0.60813488 0.61111833 0.61383505 0.61620642 0.61819758 0.6198022 0.62103137 0.62190612 0.62245252 0.62269861 0.62267255 0.62240162 0.62191159 0.62122651 0.6203686 0.61935827 0.61821421 0.6169535 0.6155917 0.61414299 0.61262025 0.61103521 0.60939851 0.60771984 0.60600795 0.60427078 0.60251552 0.60074867 0.59897607 0.59720302 0.59543425 0.59367401 0.59192611 0.59019392 0.58848045 0.58678836 0.58511997 0.58347734 0.58186222 0.58027614 0.57872039 0.57719606 0.57570403 0.57424502 0.5728196 0.57142819 0.57007105 0.56874837 0.5674602
0.60456418 0.59902561 0.59574384 0.59461504 0.59530491 0.59734659 0.6002505 0.60358504 0.60701506 0.61030633 0.61331116 0.61594768 0.61818003 0.62000241 0.62142741 0.62247803 0.62318245 0.62357078 0.62367315 0.62351852 0.62313419 0.62254549 0.62177571 0.62084619 0.6197764 0.61858403 0.61728517 0.61589447 0.61442517 0.61288933 0.61129786 0.60966067 0.60798673 0.60628417 0.60456034 0.60282187 0.60107477 0.59932444 0.59757574 0.59583303 0.59410022 0.5923808 0.59067787 0.58899419 0.58733217 0.58569396 0.58408141 0.58249613 0.58093949 0.57941266 0.57791663 0.57645218 0.57501996 0.57362045 0.57225403 0.57092092 0.56962125
0.60373281 0.59810574 0.5948283 0.59375247 0.5945219 0.59666298 0.59968522 0.60315568 0.60673549 0.61018499 0.61335082 0.61614625 0.61853184 0.6204995 0.62206063 0.62323785 0.62405948 0.62455612 0.62475851 0.62469632 0.62439752 0.62388808 0.62319185 0.62233069 0.62132446 0.62019126 0.61894748 0.61760801 0.61618635 0.61469474 0.61314426 0.61154496 0.60990596 0.60823548 0.60654099 0.60482922 0.60310628 0.60137765 0.59964827 0.5979226 0.59620462 0.5944979 0.59280563 0.59113062 0.5894754 0.58784215 0.58623282 0.58464909 0.58309241 0.58156402 0.58006497 0.57859613 0.57715821 0.57575177 0.57437723 0.57303491 0.57172499
0.60490832 0.59919877 0.5958639 0.59472003 0.59540452 0.59745571 0.60039973 0.60381603 0.60737097 0.61082409 0.61401761 0.61685903 0.61930328 0.62133754 0.62296951 0.62421915 0.62511295 0.62568033 0.62595129 0.62595508 0.62571946 0.62527031 0.62463148 0.62382486 0.62287037 0.62178616 0.62058871 0.61929296 0.61791246 0.61645952 0.61494526 0.61337978 0.61177224 0.61013092 0.60846332 0.60677624 0.6050758 0.60336755 0.60165649 0.59994711 0.59824345 0.59654914 0.59486742 0.59320116 0.59155294 0.58992503 0.5883194 0.58673781 0.58518178 0.5836526 0.58215138 0.58067906 0.57923641 0.57782406 0.57644248 0.57509205 0.57377301
0.60809446 0.60227025 0.59879524 0.59745897 0.59790414 0.5996934 0.60238131 0.60556967 0.60893734 0.61224745 0.61533966 0.61811575 0.62052391 0.62254476 0.62418039 0.62544614 0.62636492 0.62696342 0.6272696 0.62731122 0.62711492 0.62670576 0.62610702 0.6253401 0.62442462 0.62337846 0.6222179 0.62095772 0.61961137 0.61819102 0.61670776 0.61517162 0.61359171 0.61197627 0.6103328 0.60866807 0.60698822 0.60529878 0.60360477 0.60191071 0.60022065 0.59853825 0.59686678 0.59520916 0.59356799 0.59194559 0.59034399 0.58876498 0.58721014 0.5856808 0.58417813 0.58270312 0.58125659 0.57983922 0.57845155 0.577094 0.57576687
0.6131654 0.60716496 0.60345589 0.60180928 0.60188046 0.60326294 0.60554593 0.6083594 0.61139978 0.61443748 0.61731186 0.61991979 0.62220245 0.62413306 0.62570675 0.62693289 0.6278294 0.62841898 0.62872641 0.62877698 0.6285954 0.62820522 0.62762855 0.62688588 0.62599609 0.62497649 0.62384287 0.62260967 0.62129001 0.61989583 0.618438 0.61692638 0.61536995 0.61377685 0.61215447 0.61050952 0.60884809 0.60717566 0.60549724 0.60381731 0.60213993 0.60046875 0.59880706 0.59715779 0.59552357 0.59390672 0.59230932 0.59073319 0.58917994 0.58765094 0.58614741 0.58467038 0.5832207 0.58179911 0.5804062 0.57904241 0.57770812
0.61990563 0.6136509 0.6096129 0.60755139 0.60713827 0.6079999 0.60976187 0.61208467 0.61468507 0.61734349 0.61990111 0.62225124 0.62432858 0.62609881 0.62754956 0.62868337 0.62951228 0.63005401 0.63032933 0.63036024 0.6301688 0.62977648 0.62920368 0.62846954 0.62759185 0.62658702 0.62547014 0.62425504 0.62295437 0.62157965 0.62014142 0.61864928 0.61711196 0.61553742 0.61393289 0.61230496 0.61065958 0.60900219 0.6073377 0.60567056 0.60400478 0.60234399 0.60069146 0.5990501 0.59742256 0.59581117 0.59421801 0.59264493 0.59109354 0.58956527 0.58806135 0.58658284 0.58513065 0.58370553 0.58230811 0.58093889 0.57959827
0.62804444 0.62145472 0.61700138 0.61443874 0.61345685 0.61371405 0.61487103 0.6166185 0.61869446 0.62089099 0.62305291 0.62507146 0.6268759 0.62842482 0.62969842 0.63069212 0.6314116 0.63186907 0.63208063 0.63206442 0.63183934 0.63142424 0.63083741 0.63009624 0.62921711 0.62821527 0.62710486 0.6258989 0.62460938 0.62324729 0.62182271 0.62034485 0.61882213 0.61726223 0.61567216 0.61405832 0.61242651 0.61078203 0.60912968 0.60747384 0.60581844 0.60416706 0.60252292 0.60088893 0.59926769 0.59766153 0.59607254 0.59450255 0.59295321 0.59142594 0.589922 0.58844247 0.58698828 0.58556022 0.58415895 0.582785 0.5814388
0.63728283 0.63028698 0.62534806 0.62221972 0.62061037 0.62020787 0.62070517 0.62182127 0.62331495 0.62499065 0.62669815 0.62832809 0.62980551 0.63108283 0.6321333 0.63294541 0.63351839 0.63385873 0.63397754 0.63388873 0.63360765 0.63315018 0.63253215 0.63176893 0.6308752 0.62986482 0.62875075 0.62754506 0.62625892 0.62490264 0.62348573 0.62201692 0.62050421 0.61895495 0.61737587 0.61577309 0.61415225 0.61251845 0.61087636 0.60923022 0.60758387 0.60594082 0.60430423 0.60267693 0.60106151 0.59946026 0.59787525 0.59630831 0.59476108 0.59323499 0.5917313 0.59025111 0.58879536 0.58736487 0.58596031 0.58458225 0.58323114
