dados_process/media_preci.asc.aux.xml
NCOLS 139
NROWS 92
XLLCORNER -40151.9
YLLCORNER 91363.3
CELLSIZE 250
NODATA_VALUE -9999
[rows 24 to 47 of 92, columns 0 to 54 of 139]
0.081550096 0.081639171 0.081735929 0.081840838 0.081954404 0.082077176 0.082209748 0.082352767 0.082506943 0.082673048 0.082851935 0.083044541 0.083251904 0.083475172 0.083715624 0.083974684 0.084253945 0.084555193 0.084880432 0.085231923 0.085612213 0.086024185 0.086471105 0.086956675 0.087485104 0.088061177 0.08869034 0.089378799 0.09013362 0.090962857 0.091875684 0.092882543 0.093995308 0.095227463 0.09659429 0.098113073 0.099803299 0.10168687 0.10378829 0.10613486 0.10875683 0.11168746 0.11496304 0.11862278 0.12270849 0.12726405 0.13233451 0.13796474 0.1441975 0.15107067 0.15861364 0.16684252 0.17575411 0.18531876 0.19547222
0.080845316 0.080916983 0.080995728 0.081081988 0.081176237 0.081278987 0.081390796 0.081512269 0.081644071 0.081786928 0.081941643 0.082109098 0.082290272 0.082486251 0.082698247 0.082927612 0.08317586 0.083444695 0.083736031 0.084052031 0.084395138 0.084768121 0.08517412 0.085616702 0.086099925 0.086628407 0.087207411 0.087842931 0.088541801 0.089311809 0.090161823 0.091101941 0.092143641 0.093299955 0.094585648 0.096017417 0.097614084 0.099396802 0.10138925 0.1036178 0.10611169 0.10890309 0.11202714 0.1155218 0.11942762 0.12378716 0.12864416 0.1340422 0.14002278 0.14662268 0.15387032 0.16178109 0.17035153 0.17955231 0.1893204
0.080126939 0.080180296 0.080240054 0.080306613 0.080380406 0.080461899 0.080551602 0.080650068 0.080757905 0.080875777 0.08100442 0.081144643 0.081297347 0.081463533 0.081644318 0.081840955 0.08205485 0.082287584 0.082540946 0.082816955 0.083117905 0.083446396 0.083805388 0.084198251 0.084628824 0.085101491 0.08562125 0.086193811 0.086825689 0.087524321 0.088298186 0.089156948 0.090111604 0.091174649 0.092360255 0.093684453 0.095165333 0.096823234 0.098680937 0.10076384 0.10310011 0.10572074 0.10865963 0.11195339 0.11564116 0.11976399 0.12436406 0.12948338 0.13516185 0.14143473 0.14832908 0.15585928 0.16402133 0.17278624 0.18209264
0.07939603 0.079430253 0.079470137 0.079516037 0.079568337 0.079627451 0.07969383 0.079767966 0.079850397 0.079941715 0.08004257 0.080153687 0.080275865 0.080410002 0.080557099 0.08071828 0.080894814 0.081088133 0.081299858 0.081531832 0.08178615 0.082065201 0.082371709 0.082708792 0.083080011 0.083489446 0.083941766 0.084442319 0.084997226 0.085613493 0.086299128 0.087063279 0.087916379 0.088870306 0.089938557 0.091136425 0.092481193 0.093992321 0.095691633 0.097603486 0.099754906 0.10217568 0.10489837 0.10795817 0.11139269 0.11524138 0.11954472 0.12434293 0.12967417 0.13557199 0.14206195 0.1491573 0.15685361 0.16512256 0.17390508
0.078653719 0.078668068 0.078687282 0.078711665 0.078741547 0.078777282 0.078819256 0.078867889 0.078923639 0.078987014 0.07905857 0.079138926 0.079228771 0.079328876 0.079440107 0.07956344 0.079699977 0.079850973 0.080017854 0.080202246 0.08040601 0.080631278 0.080880498 0.081156478 0.08146245 0.08180213 0.082179795 0.082600363 0.083069492 0.083593681 0.084180392 0.084838181 0.085576838 0.086407548 0.087343057 0.088397849 0.089588332 0.090933026 0.092452737 0.094170727 0.096112847 0.098307617 0.10078623 0.10358244 0.10673227 0.11027352 0.11424494 0.11868496 0.12362995 0.12911177 0.13515455 0.1417706 0.14895539 0.15668181 0.16489394
0.077901189 0.077895013 0.077892858 0.077894975 0.077901632 0.077913119 0.077929749 0.077951863 0.077979835 0.078014073 0.078055031 0.078103213 0.07815918 0.078223563 0.078297076 0.078380523 0.078474825 0.078581031 0.078700342 0.078834142 0.078984022 0.079151822 0.079339667 0.079550018 0.079785723 0.080050086 0.080346933 0.080680693 0.081056495 0.081480268 0.081958858 0.082500158 0.083113246 0.083808542 0.084597974 0.085495151 0.086515549 0.087676688 0.088998316 0.090502563 0.092214075 0.09416009 0.096370439 0.098877424 0.10171555 0.10492099 0.10853084 0.11258182 0.11710868 0.12214178 0.1277041 0.13380738 0.14044753 0.14759934 0.15521094
0.077139666 0.077112406 0.077088285 0.077067496 0.077050245 0.077036751 0.077027249 0.077021997 0.077021274 0.077025387 0.077034675 0.077049518 0.077070338 0.077097616 0.077131896 0.077173801 0.077224044 0.077283452 0.077352981 0.077433743 0.077527034 0.077634367 0.077757512 0.077898543 0.078059885 0.07824438 0.078455355 0.078696701 0.078972959 0.079289432 0.079652288 0.080068695 0.080546956 0.081096668 0.081728879 0.082456272 0.083293337 0.084256561 0.085364597 0.08663843 0.088101503 0.089779791 0.091701803 0.093898464 0.096402839 0.099249644 0.10247446 0.10611256 0.11019732 0.11475798 0.11981678 0.12538547 0.13146101 0.13802086 0.14501806
0.07637041 0.076321599 0.076275019 0.076230802 0.076189086 0.076150016 0.07611375 0.076080454 0.07605031 0.076023517 0.076000296 0.075980891 0.075965583 0.075954688 0.075948573 0.075947662 0.075952455 0.075963536 0.075981597 0.07600746 0.0760421 0.076086681 0.076142589 0.076211476 0.076295312 0.076396439 0.076517643 0.07666223 0.076834112 0.077037909 0.077279065 0.077563969 0.0779001 0.078296175 0.078762322 0.079310249 0.079953432 0.080707296 0.081589394 0.082619574 0.083820104 0.085215753 0.086833797 0.088703909 0.090857888 0.093329192 0.096152178 0.099361 0.10298806 0.10706193 0.11160471 0.11662874 0.12213273 0.12809755 0.13448185
0.075594698 0.075523969 0.075454542 0.075386488 0.075319877 0.07525478 0.075191272 0.075129428 0.075069329 0.075011063 0.074954726 0.074900428 0.074848297 0.074798483 0.074751165 0.074706565 0.074664951 0.07462666 0.074592105 0.074561802 0.074536389 0.07451666 0.074503594 0.074498399 0.074502559 0.074517889 0.074546599 0.074591375 0.074655459 0.074742754 0.074857932 0.075006564 0.075195262 0.075431829 0.075725432 0.076086783 0.07652832 0.077064405 0.077711504 0.078488357 0.079416122 0.080518457 0.081821538 0.083353962 0.085146496 0.087231626 0.089642844 0.092413588 0.095575786 0.099157908 0.1031825 0.10766314 0.11260099 0.11798091 0.12376767
0.074813821 0.074720899 0.074628343 0.07453616 0.074444353 0.074352918 0.074261846 0.074171122 0.074080724 0.073990628 0.073900806 0.07381123 0.073721871 0.073632711 0.07354374 0.073454969 0.073366434 0.073278211 0.07319043 0.07310329 0.073017082 0.072932214 0.072849244 0.072768919 0.072692214 0.072620395 0.072555074 0.072498286 0.072452578 0.0724211 0.072407725 0.072417175 0.072455163 0.072528551 0.072645529 0.072815792 0.073050746 0.073363699 0.073770064 0.074287536 0.074936251 0.075738885 0.07672069 0.077909412 0.079335067 0.081029521 0.083025806 0.08535713 0.088055487 0.091149832 0.094663775 0.098612785 0.10300099 0.10781775 0.1130342
0.074029069 0.073913774 0.073797908 0.073681418 0.073564239 0.073446293 0.07332749 0.073207723 0.073086871 0.072964798 0.072841351 0.072716365 0.07258966 0.072461045 0.072330321 0.072197287 0.072061746 0.071923514 0.07178243 0.071638372 0.071491279 0.071341166 0.071188162 0.071032537 0.070874752 0.070715504 0.070555789 0.070396979 0.070240898 0.070089928 0.069947121 0.069816326 0.069702341 0.069611073 0.069549722 0.069526975 0.069553212 0.069640724 0.069803921 0.070059536 0.070426799 0.070927564 0.071586363 0.072430354 0.073489128 0.074794313 0.07637894 0.078276494 0.080519597 0.083138282 0.086157814 0.089596087 0.093460663 0.097745625 0.10242851
0.073241721 0.073103964 0.072964708 0.072823843 0.072681238 0.072536743 0.072390188 0.07224138 0.0720901 0.071936103 0.071779117 0.071618841 0.071454944 0.071287071 0.071114834 0.070937825 0.070755615 0.070567761 0.070373815 0.070173335 0.069965905 0.069751148 0.069528758 0.06929853 0.069060399 0.068814489 0.068561174 0.068301147 0.068035504 0.067765843 0.067494383 0.067224093 0.066958845 0.066703588 0.066464537 0.06624938 0.066067502 0.06593022 0.065851011 0.065845746 0.065932885 0.066133636 0.066472044 0.066974965 0.067671909 0.068594681 0.069776775 0.071252474 0.073055582 0.075217766 0.077766473 0.080722462 0.084097016 0.087889012 0.092082105
0.072453034 0.072292813 0.072130185 0.071964982 0.071797011 0.071626057 0.071451873 0.071274182 0.071092673 0.070906999 0.07071677 0.070521559 0.070320892 0.070114249 0.069901066 0.069680732 0.069452592 0.069215952 0.068970082 0.068714227 0.068447621 0.068169499 0.067879126 0.067575822 0.067258998 0.066928209 0.066583201 0.066223988 0.065850936 0.065464856 0.06506713 0.064659844 0.064245948 0.063829437 0.063415553 0.063011009 0.062624232 0.062265618 0.061947794 0.061685874 0.061497698 0.061404019 0.061428633 0.061598393 0.061943084 0.062495096 0.063288855 0.064359943 0.065743866 0.067474426 0.069581698 0.072089624 0.075013344 0.078356403 0.082108099
0.071664237 0.071481634 0.071295739 0.071106334 0.070913169 0.070715965 0.070514406 0.070308137 0.070096761 0.069879835 0.069656862 0.069427293 0.069190521 0.068945873 0.068692616 0.068429947 0.068156996 0.067872828 0.067576442 0.067266782 0.066942741 0.066603179 0.066246939 0.065872876 0.06547989 0.065066966 0.064633235 0.064178038 0.063701011 0.063202186 0.062682113 0.062142 0.061583883 0.061010815 0.060427086 0.059838461 0.059252451 0.058678594 0.058128746 0.057617381 0.057161863 0.056782684 0.056503629 0.056351839 0.056357719 0.056554645 0.056978416 0.057666382 0.058656222 0.059984309 0.06168369 0.063781702 0.066297338 0.069238522 0.072599565
0.070876521 0.070671692 0.070462722 0.070249342 0.070031254 0.06980812 0.069579562 0.069345154 0.069104423 0.068856835 0.068601799 0.068338654 0.068066669 0.067785034 0.067492856 0.067189155 0.066872862 0.066542815 0.066197757 0.065836346 0.065457153 0.065058675 0.064639352 0.06419759 0.063731788 0.063240382 0.062721898 0.062175016 0.061598656 0.060992081 0.060355019 0.059687815 0.058991602 0.05826851 0.057521898 0.056756616 0.055979301 0.055198689 0.054425949 0.05367502 0.052962931 0.05231009 0.051740496 0.051281851 0.050965502 0.050826181 0.050901463 0.051230891 0.051854726 0.052812277 0.054139831 0.055868224 0.058020187 0.060607629 0.063629141
0.07009103 0.069864203 0.069632422 0.069395379 0.069152729 0.068904085 0.068649013 0.068387028 0.068117584 0.067840075 0.06755382 0.067258063 0.066951963 0.066634583 0.066304891 0.065961747 0.065603896 0.065229971 0.064838481 0.064427815 0.063996244 0.063541924 0.063062915 0.062557192 0.062022679 0.06145728 0.060858936 0.060225687 0.059555755 0.058847649 0.058100294 0.057313185 0.056486573 0.055621682 0.054720963 0.053788381 0.052829736 0.051853016 0.050868771 0.049890496 0.048935009 0.048022788 0.047178245 0.046429881 0.045810273 0.045355832 0.045106268 0.045103686 0.045391286 0.046011609 0.047004375 0.048403958 0.05023664 0.052517861 0.055249712
0.069308858 0.06906032 0.068806062 0.068545739 0.068278969 0.068005323 0.067724318 0.06743542 0.067138025 0.066831462 0.066514977 0.066187731 0.065848789 0.065497107 0.06513153 0.064750775 0.064353431 0.063937942 0.063502607 0.063045575 0.062564838 0.062058244 0.061523493 0.060958162 0.060359723 0.059725579 0.059053109 0.058339739 0.057583014 0.056780716 0.055930984 0.055032484 0.054084603 0.053087677 0.052043272 0.050954487 0.049826319 0.048666045 0.047483647 0.046292248 0.045108546 0.043953215 0.042851235 0.041832103 0.040929862 0.04018288 0.039633301 0.039326111 0.039307744 0.039624225 0.040318856 0.041429542 0.04298591 0.045006459 0.047496023
0.068531039 0.068261133 0.067984789 0.067701633 0.067411252 0.067113183 0.066806909 0.066491852 0.066167364 0.065832722 0.065487115 0.065129636 0.064759274 0.064374898 0.063975249 0.063558929 0.063124388 0.062669914 0.062193622 0.061693446 0.061167138 0.060612261 0.060026194 0.059406145 0.058749169 0.058052198 0.057312084 0.056525666 0.055689846 0.054801699 0.053858605 0.052858423 0.051799692 0.050681881 0.04950568 0.048273343 0.046989076 0.045659468 0.044293961 0.042905347 0.041510262 0.040129654 0.038789181 0.03751948 0.036356237 0.035339991 0.034515569 0.033931097 0.033636503 0.033681506 0.034113122 0.034972784 0.036293271 0.038095712 0.040386989
0.067758547 0.067467661 0.06716967 0.066864178 0.066550751 0.066228901 0.065898083 0.065557692 0.065207047 0.064845387 0.064471859 0.064085509 0.063685265 0.063269933 0.062838175 0.062388501 0.061919251 0.061428584 0.060914463 0.060374646 0.059806672 0.05920786 0.058575305 0.057905885 0.057196275 0.056442975 0.055642347 0.05479068 0.053884263 0.052919496 0.051893029 0.050801934 0.04964392 0.048417601 0.047122802 0.045760934 0.044335413 0.042852138 0.041320015 0.039751507 0.038163204 0.036576358 0.035017359 0.033518058 0.032115904 0.030853753 0.029779305 0.028944036 0.028401589 0.028205583 0.028406889 0.029050494 0.030172199 0.03179542 0.033928493
0.066992291 0.066680849 0.066361687 0.066034398 0.065698531 0.065353585 0.064999 0.064634151 0.06425834 0.063870785 0.063470606 0.063056818 0.062628317 0.062183862 0.061722064 0.061241367 0.060740034 0.060216127 0.059667492 0.059091744 0.058486255 0.057848137 0.057174243 0.056461166 0.055705246 0.054902594 0.054049126 0.053140618 0.052172788 0.051141396 0.050042388 0.048872073 0.047627349 0.046305981 0.044906932 0.04343076 0.041880076 0.040260066 0.038579064 0.036849177 0.035086912 0.033313804 0.031556956 0.029849452 0.028230537 0.026745472 0.025444949 0.024383967 0.023620081 0.023211016 0.023211673 0.023670701 0.024626883 0.026105701 0.028116487
0.066233115 0.065901567 0.065561739 0.065213218 0.064855548 0.06448822 0.064110673 0.063722276 0.063322325 0.062910032 0.062484512 0.062044767 0.061589681 0.061117992 0.060628287 0.060118975 0.059588271 0.059034178 0.058454462 0.057846639 0.057207951 0.056535354 0.055825507 0.055074763 0.054279178 0.053434525 0.052536319 0.051579877 0.050560382 0.049472995 0.04831299 0.04707594 0.045757947 0.044355932 0.04286799 0.041293805 0.03963515 0.037896448 0.036085405 0.034213691 0.032297655 0.030359023 0.028425537 0.026531446 0.024717758 0.023032143 0.021528348 0.020265012 0.019303789 0.018706732 0.018533013 0.018835138 0.019654975 0.021019999 0.022940242
0.065481794 0.06513061 0.064770638 0.064401467 0.064022643 0.063633665 0.063233974 0.06282295 0.062399898 0.061964039 0.061514497 0.061050288 0.060570301 0.060073285 0.059557825 0.059022329 0.058465 0.057883816 0.057276507 0.056640532 0.055973053 0.055270918 0.054530642 0.053748398 0.052920011 0.052040968 0.051106445 0.050111344 0.04905037 0.047918125 0.04670925 0.045418607 0.04404152 0.042574072 0.041013473 0.039358507 0.03761006 0.035771722 0.033850477 0.03185745 0.029808696 0.027725991 0.025637565 0.023578687 0.021592013 0.019727545 0.018042075 0.016597956 0.015461102 0.014698149 0.01437285 0.014541891 0.015250479 0.016528192 0.018385647
0.064739042 0.064368698 0.06398911 0.063599875 0.063200551 0.062790651 0.062369633 0.061936897 0.061491771 0.061033503 0.060561245 0.060074043 0.05957082 0.059050356 0.058511269 0.057951994 0.057370759 0.05676556 0.056134131 0.055473922 0.054782065 0.054055355 0.053290223 0.052482716 0.051628492 0.050722818 0.049760586 0.04873635 0.047644387 0.046478794 0.045233619 0.04390305 0.04248165 0.040964666 0.039348412 0.037630738 0.035811578 0.033893604 0.031882962 0.029790082 0.027630553 0.025425997 0.023204911 0.021003367 0.018865458 0.016843355 0.014996805 0.013391888 0.012098917 0.011189385 0.010732017 0.010788129 0.011406708 0.012619746 0.014438522
0.064005506 0.063616479 0.063217801 0.062809083 0.062389902 0.061959793 0.061518244 0.061064685 0.060598481 0.060118922 0.059625207 0.059116434 0.058591579 0.058049482 0.057488822 0.056908097 0.056305595 0.05567937 0.055027208 0.054346597 0.053634697 0.052888305 0.052103829 0.05127726 0.050404154 0.049479627 0.048498357 0.047454616 0.046342321 0.04515512 0.043886523 0.042530079 0.041079617 0.03952956 0.037875313 0.03611375 0.034243794 0.032267097 0.030188833 0.028018566 0.0257712 0.023467954 0.021137311 0.018815839 0.016548777 0.014390204 0.012402635 0.010655814 0.0092245497 0.0081854704 0.0076127303 0.0075728702 0.008119276 0.0092868866 0.011087932
