dados_process/media_hum.asc
NCOLS 139
NROWS 92
XLLCORNER -40151.9
YLLCORNER 91363.3
CELLSIZE 250
NODATA_VALUE -9999
[rows 0 to 25 of 92, columns 60 to 119 of 139]
63.940215 63.861451 63.884173 64.01027 64.239645 64.569828 64.995481 65.507835 66.094188 66.73761 67.417044 68.107958 68.783647 69.417121 69.983368 70.461595 70.837034 71.101959 71.255738 71.304021 71.257296 71.12918 70.934739 70.689099 70.406413 70.099228 69.778183 69.451948 69.127338 68.809515 68.502234 68.208088 67.928744 67.665142 67.417673 67.186317 66.970757 66.77047 66.584796 66.412989 66.254257 66.107792 65.97279 65.848466 65.734063 65.628861 65.532177 65.443369 65.361838 65.287023 65.218407 65.155506 65.097874 65.045101 64.996806 64.952638 64.912275 64.875419 64.841797 64.811155
63.467171 63.382942 63.405868 63.538613 63.781861 64.133862 64.589812 65.141142 65.774843 66.473001 67.212778 67.967073 68.705975 69.398983 70.017721 70.538661 70.945316 71.229437 71.391022 71.43725 71.380685 71.237198 71.024003 70.758061 70.454967 70.128304 69.789382 69.44725 69.108873 68.779411 68.462509 68.160595 67.875137 67.606872 67.35599 67.122284 66.905268 66.704268 66.518492 66.347081 66.189145 66.043795 65.910156 65.787386 65.67468 65.571275 65.476457 65.389558 65.309955 65.23707 65.17037 65.109362 65.05359 65.002636 64.956114 64.91367 64.874979 64.839741 64.80768 64.778545
62.925514 62.833116 62.852944 62.988557 63.241569 63.611119 64.093138 64.679478 65.35704 66.107113 66.90522 67.721745 68.523539 69.276494 69.948738 70.513903 70.953722 71.259431 71.431699 71.479284 71.416843 71.262471 71.035442 70.754429 70.43633 70.095624 69.744169 69.391289 69.04403 68.707495 68.385197 68.079385 67.791337 67.521596 67.27017 67.03669 66.820522 66.620868 66.436828 66.267449 66.111769 65.968833 65.837715 65.717529 65.607438 65.506651 65.414432 65.330094 65.253003 65.18257 65.118255 65.059558 65.006021 64.957223 64.912778 64.87233 64.835555 64.802155 64.771855 64.744406
62.309867 62.205715 62.218155 62.351749 62.609168 62.990603 63.492909 64.108576 64.82465 65.62186 66.474297 67.349991 68.212661 69.024626 69.750531 70.36115 70.836437 71.167098 71.354446 71.408741 71.346599 71.188157 70.954529 70.665879 70.340193 69.992671 69.635582 69.278431 68.928284 68.590165 68.26745 67.962228 67.675609 67.407977 67.159198 66.928773 66.715962 66.519873 66.339531 66.173922 66.022033 65.88287 65.755476 65.638942 65.532411 65.435081 65.346205 65.265093 65.191103 65.123649 65.062187 65.00622 64.955292 64.908985 64.866916 64.828733 64.794116 64.762769 64.734425 64.708836
61.615737 61.495294 61.495025 61.62059 61.875836 62.26214 62.777452 63.415101 64.162516 65.000134 65.900892 66.83074 67.750508 68.61916 69.398015 70.05511 70.568656 70.928796 71.137347 71.205837 71.152534 70.999258 70.76861 70.481921 70.157999 69.812562 69.458155 69.104385 68.758308 68.424872 68.107344 67.807692 67.526911 67.265281 67.022575 66.798219 66.591412 66.401214 66.226614 66.066571 65.920052 65.786052 65.663607 65.551805 65.449789 65.356759 65.271973 65.194746 65.124445 65.060489 65.002344 64.94952 64.901569 64.85808 64.818679 64.783023 64.750796 64.721713 64.695511 64.67195
60.840083 60.697832 60.678523 60.789001 61.034388 61.417362 61.937106 62.58797 63.35799 64.227589 65.168883 66.146116 67.117625 68.0394 68.869775 69.574279 70.129474 70.524851 70.762472 70.854722 70.821024 70.684368 70.46836 70.195096 69.883902 69.550806 69.208509 68.866668 68.532329 68.210396 67.904084 67.615308 67.345018 67.093461 66.860386 66.645207 66.447117 66.265181 66.098394 65.945728 65.806165 65.678719 65.562442 65.456443 65.359884 65.271984 65.192022 65.119328 65.053288 64.993337 64.938958 64.889675 64.845055 64.804701 64.768249 64.735369 64.705758 64.679138 64.655257 64.633884
59.981978 59.811481 59.7659 59.853356 60.080333 60.450907 60.965609 61.61995 62.402778 63.294769 64.267574 65.284177 66.300937 67.271408 68.151417 68.904328 69.505173 69.942652 70.218678 70.345933 70.344337 70.237405 70.049184 69.802083 69.515634 69.205976 68.885867 68.564993 68.250416 67.94706 67.658166 67.385683 67.130605 66.893226 66.673351 66.470449 66.283773 66.112442 65.955507 65.811996 65.680941 65.561402 65.45248 65.353323 65.263132 65.181164 65.106728 65.039188 64.977957 64.922496 64.872311 64.826949 64.785997 64.749075 64.715838 64.685971 64.659184 64.635214 64.613821 64.594785
59.043376 58.837431 58.757666 58.81358 59.013109 59.361815 59.861668 60.509452 61.294978 62.199413 63.194286 64.241785 65.296869 66.311288 67.238941 68.041432 68.692391 69.179535 69.504154 69.678551 69.7224 69.659027 69.512317 69.304544 69.055135 68.780168 68.492386 68.201503 67.914651 67.636852 67.371463 67.120567 66.885291 66.66607 66.462841 66.275202 66.102526 65.944044 65.798911 65.666249 65.545176 65.434832 65.334386 65.243052 65.16009 65.084807 65.016561 64.954757 64.898848 64.848328 64.802737 64.761649 64.724676 64.691464 64.661687 64.63505 64.611282 64.590135 64.571383 64.554819
58.029907 57.780832 57.658638 57.674324 57.837395 58.15499 58.630588 59.262321 60.041062 60.948632 61.956715 63.02713 64.113998 65.167901 66.141414 66.994802 67.700424 68.244804 68.628105 68.861559 68.963845 68.957405 68.865386 68.709507 68.508813 68.279173 68.033263 67.780841 67.529165 67.283437 67.047224 66.822835 66.611626 66.414252 66.230862 66.061248 65.904963 65.761403 65.62987 65.509618 65.399887 65.299919 65.208982 65.126373 65.051427 64.98352 64.922069 64.866534 64.816414 64.771249 64.730615 64.694121 64.661412 64.63216 64.606065 64.582855 64.562279 64.544108 64.528134 64.514165
56.951617 56.651679 56.478956 56.44612 56.564386 56.842576 57.285742 57.893391 58.657476 59.560536 60.574571 61.661332 62.774566 63.864249 64.882183 65.787694 66.552 67.160257 67.611061 67.913968 68.086006 68.14813 68.122259 68.02919 67.887358 67.712297 67.51657 67.309995 67.100002 66.892042 66.689975 66.496413 66.31302 66.140742 65.980006 65.830856 65.693077 65.566272 65.449931 65.343475 65.246288 65.157746 65.077233 65.004149 64.937919 64.878 64.823882 64.775086 64.731171 64.691724 64.656367 64.624751 64.596554 64.571482 64.549264 64.529652 64.51242 64.49736 64.484283 64.473013
55.82354 55.465517 55.234923 55.146313 55.212799 55.445006 55.849606 56.427447 57.171483 58.064889 59.079972 60.178549 61.31428 62.436961 63.498075 64.456365 65.282069 65.958895 66.483578 66.863566 67.113762 67.253182 67.302143 67.280241 67.205111 67.091838 66.952829 66.797952 66.634839 66.469234 66.305338 66.146127 65.993623 65.849122 65.713371 65.586716 65.46921 65.360699 65.260889 65.169394 65.08577 65.009544 64.940232 64.877351 64.820431 64.769022 64.722693 64.681038 64.643679 64.610261 64.580454 64.553955 64.530482 64.509776 64.491598 64.475729 64.461969 64.450132 64.44005 64.431567
54.665948 54.243806 53.949443 53.799558 53.809367 53.991425 54.35403 54.89926 55.620856 56.502383 57.516253 58.624274 59.780128 60.933694 62.036486 63.046996 63.934703 64.681931 65.283462 65.74444 66.077384 66.299106 66.428079 66.4825 66.479055 66.432282 66.354363 66.255189 66.142585 66.022593 65.899775 65.777495 65.658164 65.543452 65.434459 65.331854 65.235986 65.146965 65.064737 64.989123 64.919869 64.856665 64.799172 64.747038 64.699907 64.657425 64.619253 64.585062 64.554543 64.527402 64.503366 64.482176 64.463596 64.447405 64.433399 64.421388 64.4112 64.402675 64.395666 64.390038
53.504139 53.013759 52.651887 52.437644 52.38856 52.519214 52.839469 53.352409 54.052204 54.922384 55.935088 57.051874 58.226395 59.408761 60.550799 61.611088 62.558653 63.374659 64.052064 64.593741 65.009784 65.314716 65.525054 65.657476 65.727605 65.749332 65.734535 65.693065 65.632893 65.560331 65.480285 65.396495 65.311758 65.228122 65.147046 65.069531 64.996229 64.927526 64.863613 64.804532 64.750223 64.70055 64.655328 64.614339 64.577345 64.5441 64.514356 64.487869 64.4644 64.443722 64.425617 64.40988 64.396319 64.384752 64.375013 64.366944 64.360402 64.355252 64.351371 64.348646
52.367654 51.80752 51.377187 51.098451 50.991321 51.072416 51.352999 51.836796 52.517907 53.379275 54.392268 55.517858 56.709561 57.917822 59.095054 60.20029 61.202497 62.082044 62.830373 63.448309 63.943664 64.328731 64.618065 64.826773 64.969334 65.058896 65.106937 65.123178 65.115658 65.090895 65.054083 65.009299 64.959699 64.907684 64.855056 64.803137 64.752877 64.704935 64.659743 64.617567 64.57854 64.542703 64.510024 64.480423 64.453784 64.42997 64.408826 64.390193 64.373909 64.359811 64.347741 64.337547 64.329082 64.322209 64.316796 64.31272 64.309867 64.30813 64.307409 64.307613
51.288887 50.660625 50.164109 49.823975 49.662772 49.699052 49.945172 50.405014 51.072003 51.927883 52.942751 54.076695 55.283019 56.512652 57.718904 58.861669 59.910304 60.84484 61.655613 62.341747 62.909033 63.367695 63.730403 64.010691 64.22184 64.376169 64.484652 64.556772 64.600535 64.622573 64.628289 64.622034 64.607262 64.586689 64.562423 64.536083 64.508896 64.481773 64.455384 64.430203 64.406555 64.384649 64.364607 64.346483 64.330283 64.315975 64.303501 64.292785 64.28374 64.276271 64.270279 64.265664 64.262328 64.260174 64.259109 64.259044 64.259895 64.261581 64.264029 64.267167
50.301153 49.609816 49.052768 48.657511 48.449032 48.447548 48.66606 49.10803 49.765586 50.61872 51.635879 52.776108 53.992576 55.236934 56.463751 57.634208 58.718516 59.69683 60.558828 61.302328 61.93141 62.454453 62.882362 63.22714 63.500843 63.714885 63.879636 64.004231 64.096527 64.163163 64.209658 64.240549 64.25952 64.26954 64.272976 64.271702 64.26719 64.260583 64.252761 64.244395 64.235987 64.227906 64.220419 64.213709 64.207898 64.203057 64.19922 64.196395 64.194567 64.193707 64.193774 64.194722 64.196498 64.199048 64.202315 64.206245 64.210784 64.215879 64.221478 64.227535
49.436403 48.690415 48.081654 47.640315 47.393527 47.362732 47.561025 47.990848 48.642494 49.49383 50.511506 51.653603 52.873399 54.123625 55.360497 56.546894 57.654294 58.663396 59.56363 60.35188 61.030836 61.607265 62.090459 62.490957 62.819585 63.086801 63.302282 63.474704 63.611668 63.719706 63.804351 63.870232 63.921184 63.960357 63.990321 64.013155 64.030535 64.043801 64.05402 64.062035 64.068507 64.073953 64.078772 64.083266 64.087666 64.09214 64.09681 64.101763 64.107053 64.112715 64.118765 64.125206 64.132031 64.139227 64.146774 64.154651 64.162833 64.171293 64.180005 64.188943
48.722869 47.933603 47.284545 46.808196 46.533332 46.48204 46.666909 47.088841 47.735951 48.583878 49.597615 50.734607 51.948664 53.194022 54.428935 55.618323 56.735256 57.761307 58.685982 59.505557 60.221609 60.839524 61.367136 61.813601 62.18854 62.501419 62.761153 62.975872 63.152813 63.2983 63.417776 63.515872 63.596487 63.662881 63.717761 63.763358 63.801507 63.833707 63.861178 63.88491 63.905703 63.9242 63.94092 63.956272 63.970585 63.984118 63.997072 64.009607 64.021845 64.033877 64.045775 64.057588 64.069355 64.0811 64.092839 64.104581 64.116332 64.128089 64.139851 64.151611
48.182942 47.363969 46.687778 46.188577 45.896126 45.832503 46.009237 46.425335 47.066647 47.906794 48.909537 50.032228 51.229745 52.458275 53.678448 54.857479 55.970245 56.999407 57.934784 58.772282 59.512604 60.159952 60.720853 61.203177 61.615374 61.965911 62.262895 62.513838 62.725529 62.903992 63.054489 63.181562 63.289099 63.380394 63.458227 63.524927 63.582438 63.632378 63.676087 63.714672 63.749048 63.779965 63.808041 63.833782 63.857603 63.87984 63.900769 63.920615 63.93956 63.957752 63.975308 63.992327 64.008884 64.025042 64.04085 64.056347 64.071564 64.086526 64.101251 64.115756
47.831584 46.997705 46.308271 45.798445 45.498214 45.428998 45.600829 46.010688 46.642368 47.467951 48.450622 49.548314 50.717544 51.916867 53.109543 54.265226 55.360708 56.379843 57.312906 58.155604 58.907943 59.573111 60.156466 60.664689 61.105112 61.485214 61.812274 62.093136 62.334078 62.540747 62.718147 62.870658 63.002079 63.115673 63.214233 63.300131 63.375374 63.441658 63.500406 63.552814 63.599883 63.642453 63.681221 63.716773 63.749596 63.780097 63.808615 63.835432 63.860783 63.884866 63.907845 63.929855 63.951012 63.971412 63.991133 64.010244 64.028801 64.046851 64.064434 64.081584
47.675455 46.84164 46.152559 45.643483 45.343865 45.2739 45.441868 45.842834 46.458984 47.261553 48.213928 49.275335 50.404473 51.562598 52.715757 53.836092 54.902314 55.899496 56.818432 57.654735 58.407847 59.08008 59.675748 60.200438 60.660427 61.062238 61.412319 61.71682 61.981465 62.211471 62.411521 62.585769 62.737862 62.870976 62.987859 63.090878 63.182059 63.263134 63.335578 63.400644 63.459398 63.51274 63.561435 63.606128 63.647368 63.685617 63.721268 63.754654 63.786056 63.815714 63.843831 63.870581 63.896111 63.920547 63.943997 63.966555 63.988299 64.009298 64.029613 64.049294
47.712813 46.893214 46.216885 45.718375 45.425908 45.358035 45.521226 45.908947 46.502405 47.272781 48.184464 49.198638 50.276638 51.382656 52.485585 53.560024 54.586536 55.551377 56.445868 57.265587 58.009506 58.679174 59.277968 59.810478 60.281997 60.698133 61.064518 61.386608 61.669545 61.918081 62.136534 62.328782 62.498272 62.64804 62.780745 62.898702 63.003918 63.098126 63.18282 63.259284 63.328618 63.391767 63.44954 63.50263 63.551631 63.59705 63.639323 63.678823 63.715872 63.750744 63.783678 63.814878 63.844522 63.872761 63.899729 63.925542 63.950299 63.97409 63.996991 64.01907
47.934128 47.141265 46.488238 46.008117 45.727349 45.662594 45.818635 46.187805 46.751032 47.480243 48.341559 49.298679 50.315913 51.360513 52.404206 53.423947 54.402048 55.32587 56.187237 56.981719 57.70789 58.366623 58.960462 59.493086 59.968878 60.392585 60.769056 61.103059 61.399153 61.661603 61.894334 62.100915 62.284552 62.448104 62.594101 62.724772 62.842067 62.947689 63.043122 63.129654 63.2084 63.280327 63.346271 63.406957 63.463009 63.514968 63.563304 63.608421 63.650673 63.690363 63.727758 63.763089 63.796558 63.828341 63.858591 63.887446 63.915024 63.941429 63.966756 63.991086
48.323237 47.567445 46.946036 46.489995 46.22361 46.161579 46.307257 46.652376 47.178285 47.858361 48.661062 49.553018 50.50172 51.477522 52.4549 53.413034 54.335856 55.21174 56.032973 56.795131 57.496441 58.13718 58.719142 59.245186 59.718861 60.14411 60.525041 60.865761 61.17025 61.442284 61.685382 61.902779 62.097416 62.271945 62.428739 62.569906 62.697315 62.812613 62.917245 63.012481 63.099432 63.179067 63.252235 63.319673 63.382027 63.439861 63.493664 63.543868 63.590846 63.634927 63.6764 63.715517 63.752499 63.787544 63.820822 63.852487 63.882673 63.911502 63.939079 63.965499
48.858835 48.147994 47.564181 47.135876 46.885002 46.824375 46.956256 47.272309 47.75491 48.379462 49.117198 49.937943 50.81246 51.714161 52.620148 53.511679 54.374171 55.19692 55.972635 56.696901 57.367643 57.984612 58.548936 59.062733 59.528794 59.950323 60.330737 60.673513 60.982075 61.259716 61.509545 61.734455 61.937106 62.119923 62.285097 62.4346 62.570191 62.693439 62.805733 62.908303 63.002237 63.088492 63.167911 63.241235 63.309117 63.372132 63.430783 63.485516 63.536721 63.584744 63.629889 63.672425 63.712591 63.750597 63.786631 63.820859 63.853429 63.884474 63.914113 63.942452
49.516111 48.855619 48.313171 47.914498 47.67912 47.618145 47.733105 48.016064 48.450909 49.015471 49.684028 50.429721 51.226574 52.050953 52.882441 53.704216 54.503059 55.269101 55.995437 56.677671 57.313465 57.90211 58.444144 58.941025 59.39486 59.80818 60.183764 60.524501 60.833287 61.112949 61.366193 61.59557 61.803451 61.992024 62.163287 62.319053 62.460959 62.590477 62.708924 62.817476 62.917179 63.008964 63.093657 63.17199 63.244614 63.312102 63.374965 63.433654 63.48857 63.540068 63.588465 63.634039 63.677042 63.717696 63.7562 63.792731 63.827448 63.860494 63.891996 63.922071
