dados_process/media_temp.asc
NCOLS 139
NROWS 92
XLLCORNER -40151.9
YLLCORNER 91363.3
CELLSIZE 250
NODATA_VALUE -9999
[rows 0 to 25 of 92, columns 0 to 59 of 139]
20.35645 20.3508 20.344529 20.337578 20.329882 20.321372 20.311968 20.301588 20.290139 20.277522 20.263627 20.248338 20.231526 20.213053 20.19277 20.170519 20.146127 20.119415 20.090189 20.058251 20.023393 19.985402 19.944067 19.899181 19.85055 19.798001 19.741397 19.680652 19.615751 19.546776 19.473934 19.397598 19.318342 19.236992 19.154673 19.072859 18.993415 18.918625 18.851203 18.794265 18.751255 18.725814 18.721594 18.742 18.789898 18.867305 18.975098 19.112796 19.278451 19.468671 19.678783 19.903107 20.135309 20.368771 20.596934 20.813587 21.013064 21.190368 21.34122 21.462066
20.35849 20.35323 20.347376 20.34087 20.33365 20.325646 20.316784 20.306979 20.296143 20.284177 20.270975 20.256419 20.240384 20.222733 20.203318 20.181981 20.158552 20.132848 20.104678 20.073841 20.040126 20.003318 19.963202 19.919564 19.872202 19.820936 19.765618 19.706148 19.642497 19.574733 19.503046 19.427792 19.349533 19.269083 19.187564 19.106455 19.027639 18.953439 18.88663 18.830412 18.788344 18.764211 18.761826 18.784772 18.836089 18.917948 19.031337 19.17583 19.34946 19.54874 19.768829 20.00382 20.247109 20.491785 20.730992 20.958224 21.167537 21.353666 21.512078 21.638964
20.360644 20.355802 20.350397 20.344373 20.337669 20.330219 20.32195 20.312781 20.302625 20.291387 20.278962 20.265238 20.250091 20.233387 20.214983 20.194722 20.172436 20.147949 20.121069 20.091598 20.059327 20.024044 19.985533 19.94358 19.897983 19.848559 19.795156 19.737671 19.676069 19.61041 19.540876 19.467814 19.391777 19.313572 19.234316 19.155488 19.078978 19.007127 18.942739 18.889062 18.84972 18.828579 18.829554 18.85634 18.912092 18.999087 19.118404 19.269668 19.450922 19.65864 19.887888 20.132621 20.386057 20.641078 20.890604 21.127892 21.346756 21.541684 21.707891 21.841306
20.362874 20.358476 20.353548 20.348039 20.341889 20.335035 20.327407 20.318929 20.309515 20.299076 20.28751 20.274709 20.260554 20.244916 20.227657 20.208624 20.187657 20.164583 20.139218 20.111369 20.080834 20.047406 20.010875 19.971035 19.927688 19.880656 19.829792 19.774998 19.716241 19.653581 19.587204 19.517454 19.444884 19.370297 19.294805 19.219884 19.147421 19.079752 19.019684 18.97047 18.935746 18.919399 18.925375 18.957407 19.018704 19.111597 19.237222 19.395258 19.58379 19.79931 20.03688 20.290414 20.553058 20.817584 21.076767 21.323694 21.551974 21.755871 21.930347 22.071058
20.365141 20.361208 20.356784 20.351818 20.346255 20.340035 20.333092 20.325353 20.316738 20.307162 20.296528 20.284734 20.271666 20.257203 20.241212 20.22355 20.204062 20.182586 20.158946 20.13296 20.104434 20.073174 20.03898 20.001658 19.961023 19.916909 19.869182 19.817755 19.762609 19.703815 19.641568 19.576221 19.508331 19.438704 19.368451 19.299039 19.23234 19.170671 19.116811 19.073978 19.045768 19.036027 19.048661 19.087374 19.155355 19.25494 19.387294 19.552149 19.74766 19.970407 20.215532 20.477018 20.748043 21.021374 21.28973 21.546087 21.783895 21.997209 22.180742 22.329859
20.367403 20.363954 20.360053 20.355655 20.350707 20.345154 20.338933 20.331976 20.324209 20.315552 20.305915 20.295202 20.283307 20.270115 20.255504 20.23934 20.221478 20.201767 20.180043 20.156137 20.129871 20.101064 20.069534 20.035103 19.997606 19.956895 19.912858 19.865427 19.814604 19.76048 19.70327 19.643342 19.581266 19.517855 19.454219 19.391814 19.33249 19.278527 19.232647 19.197998 19.178088 19.176663 19.197527 19.244284 19.320047 19.427108 19.566631 19.738403 19.940688 20.170209 20.422282 20.691057 20.969856 21.251541 21.528859 21.79474 22.042516 22.266051 22.459803 22.61883
20.369615 20.366664 20.363304 20.359493 20.355183 20.350323 20.344854 20.338716 20.331839 20.324148 20.315563 20.305994 20.295343 20.283508 20.270373 20.255816 20.239707 20.221906 20.202266 20.180633 20.156846 20.130745 20.102167 20.070958 20.036976 20.0001 19.960243 19.917367 19.8715 19.822762 19.771394 19.717788 19.662532 19.60645 19.550652 19.496581 19.446055 19.4013 19.364961 19.340081 19.330038 19.338433 19.368907 19.424915 19.509441 19.624693 19.771818 19.950663 20.159628 20.395645 20.654278 20.929944 21.21621 21.506122 21.79254 22.068409 22.326978 22.561935 22.767477 22.938334
20.371731 20.369288 20.366482 20.363272 20.359618 20.35547 20.350778 20.345486 20.33953 20.332844 20.325355 20.31698 20.307635 20.297223 20.285643 20.272786 20.258535 20.242766 20.225349 20.206149 20.185026 20.161842 20.136461 20.108752 20.078604 20.045927 20.010665 19.972813 19.932436 19.889686 19.844836 19.798308 19.750712 19.702884 19.655936 19.611292 19.570731 19.536412 19.510881 19.497051 19.498139 19.517558 19.558752 19.624982 19.719067 19.843111 19.998232 20.184343 20.400014 20.642435 20.907493 21.189952 21.483709 21.782086 22.078121 22.364832 22.635417 22.8834 23.102708 23.28771
20.373705 20.371776 20.36953 20.366931 20.363942 20.360521 20.356622 20.352195 20.347185 20.341531 20.335169 20.328028 20.32003 20.311094 20.30113 20.290043 20.277731 20.264088 20.249004 20.232362 20.214049 20.19395 20.171956 20.147968 20.121905 20.093713 20.063371 20.030915 19.996444 19.960152 19.922346 19.883479 19.844186 19.805318 19.767983 19.733584 19.703852 19.680868 19.667064 19.665203 19.678318 19.709611 19.762301 19.839432 19.943643 20.076918 20.240347 20.433927 20.656424 20.905332 21.176915 21.466355 21.767951 22.075368 22.38189 22.680654 22.964838 23.227805 23.463199 23.664993
20.37549 20.374076 20.372391 20.370407 20.368089 20.365401 20.362303 20.358752 20.354699 20.350094 20.34488 20.338996 20.332376 20.324949 20.316641 20.307371 20.297055 20.285604 20.272927 20.258934 20.243532 20.226636 20.208165 20.188053 20.166254 20.142749 20.117559 20.090756 20.062483 20.032973 20.00257 19.97176 19.9412 19.911755 19.884527 19.860892 19.842526 19.831422 19.829888 19.840525 19.866169 19.909798 19.974397 20.062787 20.177423 20.320173 20.492109 20.693329 20.922822 21.178418 21.456808 21.753639 22.06367 22.380968 22.699116 23.011407 23.311026 23.591179 23.845204 24.066638
20.377038 20.376134 20.375009 20.373636 20.371987 20.370032 20.367735 20.365062 20.361971 20.358419 20.35436 20.349742 20.344512 20.338612 20.33198 20.324551 20.316259 20.307035 20.296809 20.285512 20.27308 20.259453 20.244583 20.228437 20.211003 20.1923 20.17239 20.151386 20.129471 20.106916 20.084104 20.061551 20.039936 20.020131 20.003229 19.990573 19.983778 19.984744 19.995647 20.018921 20.057203 20.113245 20.189803 20.289482 20.414562 20.566811 20.747303 20.956251 21.192894 21.455426 21.740991 22.045741 22.364938 22.693095 23.024131 23.351539 23.668522 23.968135 24.24338 24.487308
20.378302 20.377901 20.377326 20.376557 20.375569 20.374338 20.372835 20.371032 20.368896 20.366392 20.363482 20.360126 20.356282 20.351905 20.346948 20.341361 20.335097 20.328104 20.320335 20.311745 20.302294 20.291953 20.280702 20.268542 20.255498 20.241625 20.227023 20.211846 20.196316 20.180743 20.165542 20.151256 20.138581 20.128394 20.121772 20.120021 20.124689 20.137577 20.160731 20.196418 20.247078 20.315251 20.403475 20.514157 20.649424 20.810967 20.999878 21.216514 21.460376 21.73004 22.023126 22.336312 22.665391 23.005351 23.350488 23.694514 24.030675 24.351864 24.650724 24.919756
20.379236 20.379325 20.379288 20.379108 20.378766 20.378244 20.37752 20.376571 20.375373 20.373898 20.372119 20.370006 20.367529 20.364654 20.36135 20.357583 20.353321 20.348534 20.343195 20.337282 20.330781 20.323689 20.316019 20.307801 20.299095 20.289993 20.280631 20.2712 20.261958 20.253249 20.245518 20.239329 20.235392 20.23458 20.23795 20.246764 20.262503 20.286868 20.321773 20.369325 20.431783 20.511486 20.610778 20.73189 20.876826 21.047222 21.244215 21.468319 21.719313 21.996165 22.296977 22.618964 22.958463 23.310963 23.671154 24.032996 24.389786 24.734254 25.05865 25.354866
20.379796 20.380358 20.380839 20.381229 20.381514 20.381679 20.38171 20.38159 20.381302 20.380829 20.38015 20.379247 20.378101 20.37669 20.374997 20.373004 20.370695 20.368059 20.365089 20.361785 20.358159 20.354234 20.350049 20.345667 20.341178 20.336707 20.332425 20.328555 20.325388 20.323297 20.32275 20.324328 20.328747 20.33687 20.349732 20.368547 20.394722 20.429861 20.475754 20.534359 20.607762 20.698128 20.807629 20.938351 21.092198 21.270781 21.475301 21.706441 21.964267 22.248137 22.556632 22.887503 23.237635 23.603023 23.978771 24.359096 24.737364 25.10613 25.457226 25.781872
20.37994 20.380952 20.38193 20.382864 20.383748 20.384572 20.385327 20.386003 20.38659 20.387078 20.387458 20.387719 20.387852 20.387851 20.387708 20.387421 20.386991 20.386424 20.385732 20.384936 20.38407 20.383182 20.382337 20.381626 20.381167 20.381116 20.381671 20.383086 20.385678 20.389843 20.396067 20.404943 20.417184 20.433642 20.455318 20.483379 20.519159 20.564168 20.620077 20.688705 20.77199 20.87194 20.99058 21.129881 21.291674 21.477564 21.688834 21.926345 22.190445 22.480873 22.796678 23.136131 23.496655 23.87475 24.265933 24.664693 25.064464 25.457628 25.835571 26.188795
20.379627 20.381064 20.38251 20.38396 20.38541 20.386858 20.388299 20.38973 20.391147 20.392549 20.393933 20.395299 20.396648 20.397984 20.399314 20.400647 20.402 20.403394 20.404859 20.406437 20.408181 20.410161 20.412465 20.415209 20.418536 20.422627 20.427706 20.43405 20.441997 20.451961 20.464439 20.480027 20.499434 20.523491 20.553166 20.589573 20.633977 20.687795 20.752591 20.830058 20.922001 21.030294 21.156842 21.303522 21.472116 21.664241 21.881269 22.124241 22.393775 22.689976 23.012333 23.359613 23.729751 24.119737 24.525496 24.941784 25.362106 25.778671 26.182404 26.563058
20.37882 20.380653 20.382535 20.384466 20.386446 20.388477 20.39056 20.392697 20.394892 20.397149 20.399475 20.401876 20.404364 20.406953 20.40966 20.412509 20.415527 20.418753 20.422231 20.42602 20.430192 20.434834 20.440058 20.445997 20.452817 20.46072 20.469949 20.4808 20.493627 20.508853 20.526984 20.548611 20.574432 20.605255 20.64201 20.685759 20.737697 20.799156 20.8716 20.956613 21.055879 21.171162 21.304266 21.456993 21.631094 21.828211 22.049807 22.297092 22.570939 22.871787 23.199532 23.5534 23.931803 24.332189 24.750868 25.182855 25.621725 26.05951 26.486683 26.892241
20.377486 20.379682 20.381964 20.384337 20.386805 20.389373 20.392048 20.394838 20.39775 20.400797 20.403991 20.407348 20.410887 20.414631 20.418609 20.422852 20.427403 20.432311 20.437636 20.44345 20.44984 20.456911 20.46479 20.473629 20.48361 20.49495 20.507908 20.522793 20.539968 20.559864 20.582983 20.609911 20.641327 20.678014 20.720861 20.770877 20.829192 20.897057 20.975846 21.067041 21.172229 21.293074 21.431297 21.588644 21.766844 21.967565 22.192359 22.442589 22.719358 23.023403 23.354981 23.713727 24.098484 24.507113 24.936278 25.381232 25.83561 26.291281 26.738281 27.164891
20.375593 20.378116 20.380761 20.383533 20.386443 20.389498 20.39271 20.396091 20.399656 20.40342 20.407403 20.411627 20.41612 20.420911 20.426039 20.431544 20.43748 20.443906 20.450892 20.458525 20.466903 20.476146 20.486391 20.497805 20.510583 20.524953 20.541184 20.559593 20.580548 20.604477 20.631879 20.663326 20.699478 20.741085 20.788996 20.844169 20.907668 20.980672 21.064469 21.160457 21.27013 21.395069 21.536926 21.697398 21.878199 22.081022 22.307494 22.559114 22.837176 23.142674 23.476176 23.837666 24.226362 24.640481 25.077 25.531376 25.997303 26.466498 26.92861 27.371279
20.373117 20.375928 20.378892 20.382019 20.385321 20.388809 20.392499 20.396407 20.400552 20.404955 20.409641 20.414638 20.419978 20.425701 20.431849 20.438474 20.445634 20.4534 20.461851 20.471082 20.481202 20.49234 20.504644 20.51829 20.533479 20.55045 20.569475 20.590874 20.615013 20.642318 20.673274 20.708439 20.748446 20.794012 20.845947 20.905155 20.97264 21.049511 21.13698 21.236365 21.349082 21.476637 21.62062 21.782685 21.964531 22.167868 22.394383 22.645681 22.923215 23.228183 23.561407 23.92316 24.312964 24.729336 25.169509 25.629119 26.101905 26.579467 27.051133 27.504026
20.370032 20.373092 20.376332 20.379765 20.383406 20.38727 20.391376 20.395742 20.400392 20.405351 20.410649 20.416318 20.422396 20.428926 20.435959 20.443552 20.45177 20.460689 20.470397 20.480995 20.4926 20.505346 20.519389 20.534909 20.552114 20.571243 20.592571 20.616414 20.643134 20.673146 20.706923 20.744998 20.787981 20.836552 20.891478 20.953612 21.0239 21.103386 21.193212 21.294622 21.408959 21.537664 21.682267 21.844382 22.025685 22.227895 22.452737 22.701895 22.976935 23.279214 23.609745 23.969024 24.356808 24.771853 25.211592 25.671807 26.146285 26.626548 27.101705 27.558522
20.366323 20.369588 20.373058 20.376747 20.380673 20.384854 20.38931 20.394063 20.39914 20.404569 20.410383 20.41662 20.42332 20.430531 20.438309 20.446713 20.455816 20.465697 20.476449 20.488177 20.501003 20.515064 20.530521 20.547555 20.566373 20.587215 20.610352 20.636093 20.664793 20.696851 20.73272 20.772914 20.818008 20.868649 20.92556 20.989542 21.061488 21.142376 21.233285 21.335388 21.449961 21.578381 21.722123 21.882755 22.061926 22.261347 22.482762 22.727897 22.998395 23.295719 23.621014 23.974933 24.357406 24.767357 25.202379 25.658367 26.129167 26.606284 27.078728 27.533105
20.361973 20.3654 20.369053 20.372948 20.377103 20.381538 20.386277 20.391344 20.396768 20.402579 20.408814 20.415511 20.422716 20.430479 20.438857 20.447915 20.457727 20.468376 20.479957 20.492577 20.506359 20.521444 20.537989 20.556176 20.57621 20.598325 20.622784 20.649889 20.679978 20.713436 20.750694 20.792237 20.838611 20.890423 20.948353 21.013153 21.085659 21.166792 21.257564 21.359086 21.472567 21.599321 21.740766 21.898419 22.073894 22.268878 22.485108 22.724325 22.988209 23.278278 23.595757 23.941395 24.315231 24.716308 25.14233 25.589292 26.051123 26.519383 26.983126 27.429012
20.356974 20.360519 20.364307 20.368354 20.372681 20.37731 20.382264 20.387571 20.39326 20.399365 20.405922 20.412973 20.420564 20.428748 20.437584 20.447138 20.457485 20.468708 20.480904 20.494181 20.508659 20.524478 20.541794 20.560782 20.581643 20.604602 20.629913 20.657864 20.688777 20.723015 20.760988 20.803149 20.850012 20.902144 20.960181 21.024826 21.096861 21.177146 21.266635 21.366372 21.477503 21.601278 21.739053 21.892293 22.06256 22.251504 22.460834 22.692277 22.94751 23.228067 23.535202 23.869709 24.231685 24.620244 25.033173 25.466566 25.914467 26.368582 26.818163 27.250141
20.351321 20.354939 20.358812 20.362959 20.367402 20.372161 20.377263 20.382736 20.38861 20.394919 20.401701 20.408999 20.41686 20.425337 20.43449 20.444383 20.455093 20.466702 20.479306 20.493008 20.50793 20.524204 20.541981 20.561432 20.582747 20.606141 20.631855 20.66016 20.691361 20.725797 20.763849 20.805944 20.852556 20.904215 20.96151 21.025096 21.0957 21.174127 21.261265 21.358099 21.465707 21.585274 21.718093 21.865565 22.029195 22.210577 22.411374 22.633271 22.877915 23.146816 23.441217 23.761915 24.109027 24.481705 24.877804 25.293528 25.723084 26.158422 26.589143 27.002664
20.34501 20.348657 20.352569 20.356764 20.361264 20.366093 20.371276 20.376841 20.382819 20.389245 20.396158 20.403599 20.411615 20.42026 20.429591 20.439673 20.45058 20.462392 20.475202 20.48911 20.504232 20.520694 20.538641 20.558234 20.579651 20.603095 20.628791 20.656992 20.687981 20.722072 20.759619 20.801014 20.846695 20.897152 20.952928 21.014629 21.082926 21.158568 21.242383 21.335289 21.438299 21.552532 21.67921 21.819666 21.975336 22.147748 22.338499 22.549214 22.781481 23.03676 23.316254 23.62073 23.950297 24.304131 24.680156 25.074704 25.482205 25.894954 26.303044 26.694566
