dados_process/media_hum.asc
NCOLS 139
NROWS 92
XLLCORNER -40151.9
YLLCORNER 91363.3
CELLSIZE 250
NODATA_VALUE -9999
[rows 52 to 77 of 92, columns 0 to 59 of 139]
65.577404 65.564618 65.550498 65.534915 65.517725 65.49877 65.477876 65.454852 65.429487 65.401548 65.370782 65.336908 65.299621 65.258586 65.21344 65.163788 65.109201 65.049217 64.983343 64.911049 64.831776 64.744936 64.649915 64.546081 64.43279 64.309398 64.175273 64.029806 63.872435 63.702662 63.520073 63.32437 63.115388 62.893129 62.657791 62.409792 62.149803 61.878781 61.598002 61.309106 61.014142 60.715632 60.416649 60.120905 59.832849 59.557759 59.301792 59.07192 58.87557 58.719268 58.601705 60.129676 58.730596 58.811628 58.993802 59.256405 59.58851 59.977024 60.406054 60.858049
65.650096 65.640293 65.629298 65.616987 65.60322 65.587846 65.570692 65.551571 65.530275 65.506571 65.480204 65.450893 65.418326 65.382163 65.342027 65.29751 65.248165 65.193506 65.133008 65.066109 64.992206 64.910662 64.820804 64.721937 64.613344 64.4943 64.364086 64.222004 64.067398 63.899675 63.718333 63.522985 63.313397 63.089509 62.851476 62.599693 62.334828 62.057855 61.770087 61.473213 61.169348 60.861093 60.551619 60.244772 59.94521 59.658557 59.391598 59.152537 58.9516 58.803537 58.740131 58.792017 58.80405 58.892476 59.090076 59.380895 59.751263 60.185188 60.66348 61.165074
65.725001 65.718345 65.710653 65.701809 65.691679 65.680118 65.666959 65.652022 65.635099 65.615965 65.594366 65.57002 65.542615 65.511805 65.477209 65.438404 65.39493 65.346281 65.291907 65.231211 65.163553 65.088246 65.004565 64.911747 64.809004 64.69553 64.570517 64.433173 64.282746 64.118546 63.939976 63.746567 63.538012 63.3142 63.075254 62.821567 62.553831 62.273071 61.980676 61.67843 61.368556 61.053774 60.737377 60.423353 60.116535 59.822811 59.549392 59.305188 59.101385 58.952283 58.873881 58.868338 58.921901 59.053622 59.283444 59.610927 60.025123 60.508417 61.038313 61.589879
65.801945 65.79859 65.794373 65.789183 65.782896 65.775373 65.766459 65.755977 65.74373 65.729498 65.713032 65.694054 65.672254 65.647287 65.618768 65.586268 65.549317 65.507392 65.459922 65.406283 65.345799 65.277739 65.201325 65.115733 65.0201 64.91354 64.795155 64.664057 64.519391 64.360366 64.18629 63.996608 63.790941 63.569133 63.331292 63.077826 62.809485 62.527388 62.233051 61.928413 61.615871 61.29832 60.979232 60.662759 60.353897 60.058705 59.784591 59.540627 59.337809 59.188798 59.105966 59.097795 59.170951 59.336801 59.605367 59.976911 60.440883 60.977577 61.560732 62.161068
65.880739 65.880833 65.88025 65.878891 65.876642 65.873374 65.868942 65.863181 65.855902 65.846896 65.835922 65.82271 65.806958 65.788324 65.766425 65.740832 65.711067 65.6766 65.636845 65.591154 65.53882 65.479075 65.411091 65.333984 65.246823 65.148638 65.038441 64.915242 64.778082 64.626063 64.45839 64.274415 64.07369 63.856015 63.621491 63.370568 63.104085 62.823302 62.529925 62.226125 61.914552 61.598371 61.281308 60.96775 60.662888 60.37293 60.10537 59.869267 59.675394 59.536012 59.463994 59.471809 59.571541 59.774615 60.08838 60.511521 61.03164 61.625647 62.262592 62.908252
65.961181 65.964858 65.96806 65.970697 65.972668 65.973859 65.974135 65.973345 65.971314 65.967846 65.962712 65.955656 65.946385 65.934568 65.919828 65.901743 65.879836 65.853574 65.82236 65.785533 65.742362 65.692047 65.633716 65.566431 65.489192 65.40095 65.300622 65.187117 65.059362 64.916344 64.757156 64.581049 64.387495 64.176249 63.947413 63.701491 63.439445 63.162724 62.873292 62.573635 62.266765 61.956224 61.646118 61.341178 61.046889 60.769682 60.51719 60.298526 60.124491 60.007561 59.961562 60.001045 60.140304 60.391424 60.760818 61.245212 61.828954 62.484126 63.173939 63.858624
66.043056 66.050438 66.057558 66.064342 66.070702 66.076538 66.081732 66.086148 66.08963 66.091994 66.093032 66.092504 66.090133 66.085603 66.078552 66.068568 66.055184 66.037871 66.016033 65.989001 65.956029 65.916292 65.868882 65.812813 65.747022 65.670381 65.581715 65.479822 65.363511 65.231642 65.08318 64.917261 64.73326 64.530876 64.310204 64.071812 63.816805 63.546867 63.264286 62.971954 62.673357 62.372554 62.074176 61.783461 61.50635 61.249658 61.021324 60.830705 60.688858 60.608682 60.604778 60.692821 60.888104 61.202866 61.642349 62.200458 62.856794 63.57696 64.317037 65.031227
66.126134 66.137327 66.148486 66.15955 66.170449 66.1811 66.191402 66.201239 66.210473 66.218944 66.226464 66.232813 66.237738 66.240943 66.242087 66.240779 66.236567 66.228936 66.217298 66.200988 66.179256 66.151261 66.116068 66.07265 66.019888 65.956579 65.881453 65.793197 65.690491 65.572052 65.4367 65.283426 65.111488 64.920497 64.710524 64.482192 64.236757 63.976165 63.703088 63.420911 63.13371 62.846206 62.563727 62.292209 62.038257 61.809293 61.613801 61.461631 61.364328 61.335337 61.389898 61.544302 61.814097 62.21087 62.737674 63.384107 64.123091 64.91177 65.697685 66.42875
66.210173 66.225268 66.240567 66.256026 66.271594 66.287206 66.302783 66.318231 66.333435 66.348258 66.36254 66.376087 66.388672 66.400029 66.409845 66.417754 66.423332 66.426086 66.425449 66.420769 66.411301 66.396203 66.374525 66.345209 66.307085 66.258883 66.199241 66.126728 66.039884 65.937267 65.817521 65.679466 65.522195 65.345195 65.14847 64.932666 64.699173 64.450211 64.188869 63.9191 63.645679 63.37413 63.110655 62.862088 62.635927 62.440453 62.284959 62.180065 62.138054 62.173081 62.301008 62.538476 62.900738 63.397855 64.029372 64.778725 65.609901 66.469401 67.294835 68.027881
66.294922 66.31399 66.333511 66.353459 66.373802 66.394498 66.41549 66.43671 66.458068 66.479458 66.500746 66.521773 66.542345 66.562229 66.581148 66.598772 66.614713 66.62851 66.639628 66.647441 66.651226 66.650148 66.643256 66.629474 66.607596 66.576288 66.534099 66.47948 66.410818 66.326491 66.224938 66.104758 65.96483 65.80445 65.623495 65.42257 65.203156 64.967722 64.719782 64.463905 64.205651 63.951478 63.70862 63.485007 63.289245 63.13071 63.019759 62.968037 62.9888 63.097082 63.30941 63.642625 64.11126 64.723039 65.472721 66.33579 67.265205 68.194914 69.051586 69.77112
66.380118 66.403211 66.427013 66.45152 66.47672 66.502594 66.529112 66.556231 66.583894 66.612024 66.640523 66.669267 66.698103 66.726837 66.755237 66.783016 66.809829 66.835264 66.858826 66.87993 66.897885 66.911885 66.920991 66.924123 66.920052 66.907393 66.884611 66.850037 66.801897 66.738364 66.657635 66.558036 66.438161 66.297036 66.134314 65.950468 65.746986 65.526521 65.292989 65.051581 64.808705 64.571849 64.349423 64.150617 63.985329 63.864224 63.798912 63.80224 63.888587 64.073949 64.375503 64.810112 65.391192 66.123469 66.99594 67.974944 69.001193 69.995243 70.872782 71.564897
66.465489 66.492638 66.520759 66.549869 66.579979 66.611096 66.643216 66.676327 66.710403 66.745404 66.781269 66.817917 66.855235 66.893082 66.931271 66.96957 67.007689 67.045271 67.081876 67.116974 67.149924 67.17996 67.206175 67.227504 67.24271 67.25037 67.248877 67.236442 67.211122 67.170865 67.113584 67.037274 66.94016 66.820895 66.678786 66.514048 66.328049 66.12352 65.904703 65.677387 65.448846 65.227672 65.023558 64.847083 64.709579 64.623122 64.600676 64.656346 64.805621 65.065369 65.453207 65.985687 66.67464 67.521248 68.508277 69.592731 70.703441 71.748587 72.634396 73.288739
66.550761 66.581973 66.614425 66.648155 66.683198 66.719588 66.757351 66.796505 66.83706 66.879014 66.922347 66.967022 67.012979 67.060125 67.108333 67.157432 67.207194 67.257328 67.307464 67.357138 67.405775 67.452668 67.496962 67.537623 67.573426 67.602931 67.624467 67.636136 67.635821 67.621224 67.589938 67.539562 67.467861 67.372992 67.253775 67.109998 66.942742 66.754668 66.550219 66.335712 66.119272 65.910633 65.720849 65.561992 65.446913 65.389159 65.403043 65.503842 65.707963 66.032828 66.496044 67.113275 67.894169 68.835932 69.915166 71.080551 72.251246 73.326268 74.2057 74.816407
66.63565 66.670911 66.70768 66.746018 66.785987 66.827646 66.871053 66.916258 66.963309 67.012243 67.063086 67.11585 67.170524 67.227077 67.285443 67.345518 67.407147 67.470116 67.534132 67.598815 67.663669 67.728065 67.791215 67.852142 67.909653 67.962308 68.008396 68.045918 68.072585 68.085842 68.082926 68.060977 68.017209 67.949151 67.854968 67.733833 67.586334 67.41486 67.223894 67.020163 66.812593 66.612073 66.431076 66.283236 66.182982 66.145332 66.18586 66.320805 66.567143 66.942336 67.463314 68.144104 68.991485 69.998393 71.135868 72.346305 73.542938 74.620551 75.477753 76.043019
66.719875 66.759144 66.80019 66.843095 66.887948 66.934836 66.983846 67.035066 67.088579 67.144465 67.202796 67.263634 67.327027 67.393003 67.461564 67.532679 67.606273 67.682215 67.760303 67.840249 67.921653 68.003979 68.086527 68.168395 68.248446 68.325264 68.397117 68.461923 68.517233 68.560227 68.587763 68.596469 68.582916 68.543878 68.47669 68.379698 68.252766 68.097778 67.919048 67.723562 67.520963 67.323281 67.14445 66.999726 66.905154 66.877186 66.932518 67.088071 67.36094 67.768017 68.324805 69.042902 69.925607 70.961539 72.117231 73.331475 74.51604 75.567014 76.38652 76.907223
66.803153 66.846367 66.89162 66.939022 66.988683 67.04072 67.095253 67.152402 67.21229 67.275039 67.340768 67.409593 67.481619 67.556938 67.635621 67.717716 67.803231 67.892127 67.984299 68.079561 68.177621 68.27805 68.380252 68.483422 68.586498 68.688114 68.786541 68.879638 68.964807 69.038975 69.098605 69.139777 69.158345 69.150207 69.111705 69.040148 68.93443 68.795672 68.627787 68.437831 68.236055 68.035593 67.851866 67.701804 67.603092 67.573578 67.630922 67.792426 68.074854 68.493928 69.063042 69.790724 70.676436 71.704771 72.839137 74.017563 75.154587 76.152492 76.921105 77.399319
66.885205 66.932274 66.98164 67.033435 67.087796 67.144866 67.204795 67.26774 67.333861 67.403323 67.476293 67.552937 67.63342 67.717899 67.806517 67.8994 67.996643 68.098301 68.204373 68.314782 68.42935 68.547767 68.669555 68.794021 68.9202 69.046795 69.172107 69.293958 69.40963 69.515808 69.608569 69.683422 69.735458 69.759609 69.751085 69.705966 69.621942 69.49912 69.340759 69.153781 68.9489 68.740298 68.544884 68.381299 68.268888 68.226853 68.273675 68.426773 68.702194 69.114012 69.673027 70.384346 71.243593 72.231976 73.311327 74.421455 75.482958 76.407728 77.115961 77.553964
66.965758 67.016569 67.069926 67.125981 67.184897 67.246845 67.312004 67.380563 67.452721 67.528684 67.608665 67.692881 67.781556 67.874908 67.973154 68.076496 68.185118 68.299168 68.41875 68.543899 68.674555 68.810533 68.951482 69.096831 69.245726 69.396959 69.548882 69.699307 69.845422 69.983698 70.109841 70.218803 70.304891 70.362025 70.384187 70.366085 70.304016 70.196842 70.046932 69.860856 69.649631 69.428383 69.215479 69.031269 68.896762 68.832469 68.857576 68.989418 69.243053 69.630621 70.160104 70.833172 71.641979 72.565251 73.56474 74.583987 75.551701 76.391069 77.03368 77.433549
67.044548 67.098963 67.156161 67.216315 67.279611 67.346244 67.416422 67.490367 67.568313 67.650503 67.737196 67.82866 67.925169 68.027005 68.134453 68.24779 68.367283 68.493173 68.625666 68.764903 68.910946 69.063734 69.223041 69.388424 69.55915 69.73411 69.911721 70.089812 70.2655 70.435076 70.593912 70.736433 70.856185 70.946076 70.998835 71.007725 70.967527 70.875695 70.733509 70.546983 70.327246 70.09023 69.855658 69.645533 69.482477 69.388248 69.382642 69.482784 69.702607 70.052229 70.536862 71.155033 71.896063 72.737207 73.641417 74.557213 75.422254 76.171242 76.746869 77.110444
67.121319 67.17918 67.240045 67.304108 67.371575 67.442665 67.517613 67.59667 67.680102 67.768189 67.861231 67.959538 68.063439 68.173271 68.28938 68.412114 68.541817 68.678818 68.823413 68.97585 69.136299 69.304817 69.481301 69.66543 69.856588 70.05377 70.255468 70.459537 70.663053 70.862158 71.051937 71.226339 71.378215 71.49952 71.581774 71.616818 71.597896 71.520981 71.386138 71.198652 70.96957 70.715429 70.457127 70.218162 70.02264 69.893457 69.850928 69.911899 70.089174 70.390942 70.819922 71.372011 72.034479 72.784089 73.585941 74.394113 75.155126 75.814408 76.324647 76.653612
67.195833 67.256958 67.321293 67.389049 67.460449 67.535736 67.615167 67.69902 67.787588 67.881187 67.98015 68.08483 68.195598 68.312842 68.436964 68.568374 68.707483 68.854697 69.010394 69.174913 69.348521 69.53138 69.723496 69.924657 70.134353 70.351674 70.575183 70.802769 71.031481 71.257346 71.47521 71.678622 71.85983 72.009954 72.119431 72.178802 72.179874 72.117183 71.989552 71.801427 71.563582 71.292901 71.011178 70.743129 70.514101 70.347943 70.265371 70.282933 70.412386 70.660235 71.027132 71.506986 72.085823 72.74075 73.439611 74.142102 74.802917 75.37689 75.825234 76.121182
67.267865 67.332055 67.399641 67.470848 67.545918 67.62511 67.708704 67.796997 67.890311 67.988987 68.093389 68.203905 68.320943 68.444933 68.576323 68.715575 68.863158 69.019537 69.18516 69.36044 69.545724 69.741256 69.947131 70.163226 70.389115 70.623963 70.866393 71.11432 71.364773 71.613689 71.855727 72.084121 72.290638 72.465725 72.598938 72.679741 72.69872 72.649148 72.528698 72.340943 72.096214 71.811452 71.508965 71.214283 70.953627 70.751511 70.628896 70.60201 70.681716 70.873163 71.175453 71.581177 72.075867 72.637614 73.237307 73.83996 74.407457 74.902555 75.293478 75.557938
67.33721 67.404248 67.474846 67.549243 67.627695 67.710475 67.79788 67.890227 67.987856 68.091132 68.200442 68.316202 68.43885 68.568849 68.706681 68.852848 69.007861 69.172232 69.34646 69.531009 69.726285 69.93259 70.15008 70.378691 70.618054 70.867382 71.125329 71.389826 71.657875 71.925344 72.186755 72.435114 72.661849 72.856933 73.0093 73.107639 73.141635 73.103592 72.990233 72.804317 72.555602 72.260777 71.942212 71.625738 71.33796 71.103678 70.943872 70.874422 70.905464 71.041156 71.279579 71.612652 72.026043 72.499285 73.006377 73.517165 73.99966 74.423125 74.76142 74.99587
67.403682 67.473335 67.546692 67.623999 67.705524 67.791553 67.882394 67.978378 68.079862 68.187225 68.300874 68.421243 68.548791 68.684002 68.827384 68.979464 69.140779 69.311871 69.493269 69.685467 69.888901 70.103906 70.330665 70.569142 70.818987 71.07943 71.349127 71.625996 71.90701 72.187979 72.463331 72.725939 72.967041 73.176357 73.342489 73.453707 73.499188 73.47064 73.364127 73.181726 72.932548 72.632729 72.304224 71.972587 71.664239 71.403803 71.211999 71.104292 71.090247 71.173379 71.351248 71.615658 71.95292 72.344298 72.766817 73.194598 73.600785 73.9599 74.250291 74.456168
67.467116 67.539141 67.614989 67.694912 67.779185 67.868105 67.961987 68.061171 68.166024 68.276936 68.394324 68.518633 68.650332 68.78992 68.937914 69.094852 69.261284 69.437761 69.624819 69.822962 70.032627 70.254152 70.487716 70.733273 70.990459 71.258481 71.535967 71.820798 72.109905 72.399051 72.682618 72.953436 73.202706 73.420119 73.594246 73.713314 73.766403 73.745035 73.644952 73.467731 73.221811 72.922519 72.590932 72.251751 71.930621 71.651496 71.434517 71.294627 71.240936 71.276612 71.399117 71.600594 71.868368 72.185594 72.532155 72.885903 73.22424 73.525926 73.772871 73.951604
67.52737 67.601515 67.679574 67.761808 67.848495 67.939934 68.036448 68.13838 68.246101 68.360005 68.480512 68.60807 68.743152 68.886254 69.037895 69.19861 69.368943 69.549436 69.740614 69.942963 70.156899 70.382731 70.620602 70.870423 71.131784 71.403833 71.68514 71.973529 72.265879 72.557924 72.844046 73.117121 73.368464 73.587952 73.764413 73.886379 73.943231 73.926697 73.832521 73.661984 73.422864 73.129475 72.80163 72.462658 72.136887 71.847129 71.612618 71.447646 71.360923 71.355499 71.429055 71.574411 71.780153 72.031383 72.31064 72.599008 72.877425 73.128073 73.335714 73.488751
