dados_process/media_vento.asc
NCOLS 125
NROWS 83
XLLCORNER -41370.2
YLLCORNER 94214.4
CELLSIZE 250
NODATA_VALUE -9999
[rows 50 to 74 of 83, columns 57 to 113 of 125]
0.64959079 0.64848822 0.64712862 0.64554186 0.64371832 0.64164303 0.63931345 0.63674291 0.6339576 0.63099169 0.62788264 0.62466744 0.62138005 0.61804991 0.61470132 0.61135353 0.60802118 0.60471504 0.60144271 0.59820937 0.59501845 0.59187213 0.58877181 0.58571841 0.58271265 0.57975522 0.57684689 0.57398861 0.57118149 0.56842687 0.56572628 0.56308141 0.56049408 0.55796618 0.55549963 0.55309636 0.55075819 0.54848687 0.54628398 0.54415092 0.54208889 0.54009886 0.53818155 0.53633743 0.53456671 0.53286937 0.53124512 0.52969345 0.52821363 0.5268047 0.52546554 0.52419486 0.52299119 0.52185295 0.52077846 0.51976591 0.51881345
0.65109115 0.64978396 0.64835821 0.64682309 0.64511439 0.64318011 0.64099986 0.63858021 0.63594582 0.63313131 0.63017489 0.62711392 0.62398204 0.62080769 0.61761372 0.61441765 0.61123241 0.60806714 0.60492811 0.60181949 0.59874404 0.59570359 0.59269946 0.58973273 0.58680445 0.58391572 0.58106781 0.57826216 0.57550041 0.57278437 0.57011601 0.56749741 0.56493072 0.56241814 0.55996185 0.55756398 0.55522657 0.55295153 0.55074061 0.54859537 0.54651715 0.54450708 0.54256604 0.54069467 0.53889335 0.53716222 0.5355012 0.53390997 0.53238797 0.53093448 0.52954856 0.52822911 0.52697489 0.5257845 0.52465645 0.52358914 0.52258088
0.65227067 0.65047972 0.64896605 0.64753416 0.64598611 0.6442201 0.64220219 0.63993808 0.63745536 0.63479205 0.63198903 0.62908507 0.62611396 0.62310325 0.62007414 0.61704208 0.6140178 0.61100842 0.60801842 0.60505059 0.60210668 0.5991879 0.59629529 0.59342991 0.59059301 0.58778606 0.58501077 0.5822691 0.57956322 0.57689544 0.57426823 0.57168413 0.56914571 0.56665554 0.56421612 0.56182988 0.55949913 0.557226 0.55501247 0.55286028 0.55077099 0.5487459 0.54678608 0.54489234 0.54306527 0.54130518 0.53961219 0.53798615 0.53642672 0.53493336 0.53350534 0.53214175 0.53084153 0.52960349 0.52842632 0.52730859 0.52624879
0.65277204 0.6502275 0.648861 0.64770001 0.64639313 0.64482772 0.64298106 0.64087083 0.63853421 0.63601636 0.63336282 0.63061482 0.62780664 0.62496484 0.62210858 0.61925077 0.61639944 0.61355912 0.61073211 0.60791941 0.60512143 0.60233854 0.59957129 0.59682058 0.59408777 0.59137462 0.58868326 0.58601615 0.58337599 0.58076565 0.57818814 0.57564648 0.57314373 0.57068287 0.56826682 0.56589834 0.56358005 0.56131439 0.55910358 0.55694962 0.55485429 0.5528191 0.55084533 0.548934 0.54708588 0.5453015 0.54358115 0.5419249 0.5403326 0.53880389 0.53733823 0.53593491 0.53459307 0.53331168 0.53208962 0.53092563 0.52981838
0.64965445 0.64849117 0.64807814 0.64743114 0.6464357 0.64508407 0.6434015 0.64143117 0.63922594 0.63684104 0.63432823 0.63173172 0.62908627 0.62641696 0.6237403 0.62106592 0.61839848 0.61573935 0.61308813 0.61044365 0.60780473 0.60517064 0.60254129 0.59991735 0.59730017 0.59469177 0.59209469 0.58951187 0.58694656 0.58440222 0.58188239 0.57939067 0.57693062 0.57450569 0.57211924 0.56977442 0.56747423 0.56522142 0.56301852 0.56086781 0.55877131 0.55673079 0.55474775 0.55282342 0.5509588 0.54915461 0.54741136 0.5457293 0.54410847 0.54254872 0.5410497 0.53961088 0.53823157 0.53691095 0.53564804 0.53444177 0.53329096
0.64251508 0.64623449 0.64709043 0.64696737 0.64625209 0.64507785 0.64352458 0.64166328 0.63956378 0.63729236 0.63490729 0.63245554 0.6299716 0.62747816 0.62498797 0.62250641 0.62003387 0.61756792 0.61510491 0.61264114 0.6101736 0.60770028 0.60522037 0.6027342 0.60024314 0.59774943 0.59525601 0.59276633 0.59028421 0.5878137 0.58535895 0.58292411 0.58051331 0.57813051 0.57577953 0.57346397 0.57118722 0.5689524 0.56676236 0.56461969 0.5625267 0.56048541 0.55849757 0.55656465 0.55468787 0.55286816 0.55110623 0.54940255 0.54775736 0.54617069 0.54464237 0.54317206 0.54175926 0.54040331 0.53910341 0.53785865 0.53666801
0.6433436 0.64555321 0.64650927 0.6465584 0.6459684 0.64488066 0.64339307 0.64159295 0.63956345 0.63738048 0.63510781 0.63279392 0.6304715 0.62815913 0.6258643 0.62358674 0.62132156 0.6190617 0.61679981 0.61452933 0.61224519 0.60994407 0.60762438 0.60528614 0.60293075 0.60056072 0.59817942 0.59579085 0.59339943 0.59100983 0.58862683 0.58625521 0.58389965 0.58156468 0.57925461 0.57697351 0.57472519 0.57251316 0.57034063 0.56821053 0.56612545 0.56408771 0.56209931 0.56016197 0.55827713 0.55644596 0.55466939 0.55294807 0.55128244 0.54967274 0.54811898 0.546621 0.54517847 0.54379091 0.54245768 0.54117804 0.53995111
0.6452856 0.64597686 0.64640086 0.64628603 0.64563702 0.64451938 0.64301578 0.64121732 0.6392157 0.63709404 0.63491952 0.63273978 0.63058314 0.62846166 0.62637536 0.62431667 0.62227419 0.62023548 0.61818897 0.61612506 0.61403658 0.61191889 0.60976974 0.60758892 0.60537797 0.60313974 0.60087814 0.59859777 0.59630371 0.59400131 0.59169602 0.58939326 0.58709832 0.58481631 0.58255207 0.58031016 0.57809484 0.57591003 0.57375932 0.57164597 0.56957291 0.56754274 0.56555773 0.56361988 0.56173085 0.55989204 0.55810459 0.55636937 0.55468702 0.55305797 0.5514824 0.54996036 0.54849166 0.54707601 0.54571293 0.54440182 0.54314197
0.64657777 0.64657712 0.6464928 0.6460701 0.64522269 0.64396315 0.6423572 0.64049692 0.63848053 0.63639619 0.6343116 0.63226999 0.63029166 0.62837872 0.62652104 0.62470178 0.62290174 0.6211024 0.6192877 0.61744494 0.61556496 0.61364204 0.61167346 0.60965901 0.60760054 0.60550144 0.60336624 0.60120029 0.5990094 0.59679966 0.59457725 0.59234827 0.59011866 0.58789414 0.58568009 0.58348159 0.58130336 0.57914976 0.57702477 0.574932 0.57287472 0.57085582 0.56887787 0.56694311 0.56505347 0.56321057 0.56141577 0.55967015 0.55797456 0.55632959 0.55473564 0.55319291 0.55170141 0.55026098 0.54887132 0.54753198 0.5462424
0.6475206 0.64708845 0.64656705 0.64577575 0.64462831 0.64312648 0.64133488 0.63935237 0.63728486 0.63522369 0.63323305 0.63134674 0.62957194 0.62789653 0.62629703 0.62474522 0.62321297 0.62167521 0.62011139 0.61850594 0.61684813 0.61513152 0.61335332 0.61151368 0.60961504 0.60766155 0.60565861 0.60361239 0.60152959 0.59941713 0.59728195 0.59513091 0.59297064 0.59080745 0.58864735 0.58649592 0.58435837 0.58223949 0.58014368 0.57807491 0.57603678 0.57403251 0.57206494 0.57013658 0.56824961 0.5664059 0.564607 0.56285423 0.56114861 0.55949094 0.5578818 0.55632155 0.55481038 0.55334829 0.55193513 0.55057061 0.5492543
0.64832407 0.64746969 0.6464932 0.64526335 0.64371943 0.64187935 0.63982397 0.63766771 0.63552632 0.63349148 0.6316179 0.62992283 0.62839375 0.62699916 0.62569873 0.62445095 0.62321801 0.62196824 0.62067702 0.61932659 0.61790527 0.61640658 0.61482824 0.61317122 0.61143897 0.60963671 0.60777091 0.6058488 0.60387808 0.60186659 0.59982215 0.5977524 0.59566469 0.59356602 0.59146295 0.58936165 0.58726781 0.58518667 0.58312302 0.58108124 0.57906524 0.57707856 0.57512435 0.57320537 0.57132405 0.56948249 0.56768248 0.56592552 0.56421285 0.56254545 0.56092406 0.55934925 0.55782133 0.55634049 0.55490672 0.55351987 0.55217966
0.64906544 0.64769033 0.64616386 0.64438873 0.64233765 0.64006109 0.63767042 0.63530352 0.63308647 0.63110567 0.62939734 0.62795258 0.62673104 0.62567613 0.62472735 0.6238285 0.62293193 0.62200007 0.62100518 0.61992833 0.61875798 0.61748847 0.61611877 0.6146513 0.61309097 0.61144448 0.60971964 0.60792496 0.60606928 0.6041615 0.60221038 0.60022441 0.59821172 0.59617997 0.59413637 0.59208763 0.59003994 0.587999 0.58597002 0.58395774 0.58196642 0.57999992 0.57806167 0.57615469 0.57428168 0.57244494 0.5706465 0.56888806 0.56717105 0.56549662 0.56386572 0.56227905 0.56073711 0.55924022 0.55778852 0.55638202 0.55502055
0.6497422 0.64769012 0.64546582 0.64300374 0.64031796 0.63750484 0.63471819 0.63212454 0.6298572 0.62798753 0.62652051 0.625409 0.62457563 0.62393301 0.62339786 0.62289878 0.62237909 0.62179665 0.6211222 0.62033715 0.61943137 0.61840114 0.61724757 0.61597522 0.61459102 0.61310351 0.61152218 0.60985704 0.60811823 0.60631583 0.60445963 0.60255903 0.60062294 0.59865976 0.59667733 0.59468291 0.59268321 0.59068439 0.58869206 0.58671132 0.58474681 0.58280265 0.58088257 0.57898988 0.57712748 0.57529792 0.57350344 0.57174594 0.57002703 0.56834805 0.56671011 0.56511407 0.5635606 0.56205016 0.56058303 0.55915935 0.5577791
0.65031186 0.64739268 0.64429111 0.64097933 0.63752394 0.63408053 0.63085516 0.62804467 0.62578187 0.62410885 0.62298331 0.62230627 0.62195409 0.62180379 0.62174788 0.62170044 0.62159747 0.62139436 0.62106236 0.620585 0.61995506 0.61917196 0.6182399 0.61716627 0.61596056 0.61463359 0.6131968 0.6116619 0.61004053 0.60834403 0.60658327 0.60476864 0.60290987 0.60101608 0.59909577 0.59715676 0.59520626 0.59325089 0.59129665 0.58934903 0.58741296 0.58549289 0.58359282 0.58171631 0.5798665 0.57804617 0.57625774 0.57450331 0.57278468 0.57110336 0.56946062 0.56785749 0.56629476 0.56477305 0.56329279 0.56185423 0.56045749
0.6507299 0.64674058 0.64257436 0.63825114 0.63390266 0.62975575 0.62607517 0.62308519 0.62090607 0.61953333 0.61886034 0.61872324 0.6189445 0.61936247 0.61984556 0.62029511 0.62064224 0.62084234 0.62086936 0.62071081 0.62036382 0.61983212 0.61912382 0.6182498 0.61722262 0.61605566 0.61476263 0.61335709 0.61185228 0.6102609 0.60859498 0.60686588 0.60508419 0.60325978 0.60140177 0.59951854 0.59761782 0.59570663 0.59379139 0.59187793 0.5899715 0.58807685 0.58619822 0.58433943 0.58250384 0.58069445 0.57891385 0.57716435 0.57544791 0.57376622 0.57212068 0.57051248 0.56894257 0.56741168 0.56592039 0.56446906 0.56305794
0.65098923 0.64573855 0.6403409 0.63487406 0.62954503 0.62465879 0.62053896 0.61742912 0.61542231 0.61445081 0.61432948 0.61482028 0.61568743 0.61673002 0.61779388 0.61877003 0.6195873 0.62020339 0.62059687 0.62076076 0.62069772 0.62041662 0.61993016 0.6192532 0.61840164 0.61739174 0.61623956 0.61496067 0.61356997 0.61208154 0.61050861 0.60886351 0.6071577 0.60540176 0.60360543 0.60177765 0.59992661 0.59805975 0.59618387 0.59430512 0.59242907 0.59056072 0.58870458 0.58686468 0.5850446 0.58324753 0.58147626 0.57973326 0.57802066 0.57634029 0.57469373 0.57308228 0.57150703 0.56996885 0.56846843 0.56700626 0.5655827
0.65115486 0.6444904 0.63774511 0.63106124 0.62472407 0.61911388 0.61460404 0.61144394 0.60968539 0.60918624 0.60967611 0.61084032 0.61238533 0.61407301 0.61572905 0.61723653 0.61852394 0.61955284 0.62030759 0.62078753 0.62100146 0.62096382 0.62069217 0.62020552 0.61952329 0.61866464 0.61764804 0.61649107 0.61521029 0.61382117 0.61233809 0.61077434 0.60914219 0.60745291 0.60571685 0.60394345 0.60214133 0.60031835 0.59848164 0.59663766 0.59479225 0.59295067 0.59111766 0.58929745 0.58749384 0.58571017 0.58394942 0.58221421 0.58050683 0.57882926 0.57718319 0.57557008 0.57399114 0.57244735 0.57093953 0.56946828 0.56803405
0.65138336 0.64321451 0.63507896 0.62718346 0.61988381 0.61362008 0.60879576 0.6056487 0.60417935 0.6041694 0.60526733 0.60708816 0.60928654 0.61159155 0.61381162 0.6158235 0.6175561 0.61897512 0.6200707 0.62084842 0.62132303 0.62151435 0.62144465 0.62113691 0.62061391 0.61989759 0.61900874 0.61796683 0.61678998 0.61549497 0.61409725 0.61261102 0.61104929 0.60942398 0.60774595 0.60602514 0.60427055 0.60249041 0.60069214 0.59888249 0.59706754 0.59525279 0.59344316 0.5916431 0.58985656 0.58808706 0.58633773 0.58461134 0.58291031 0.58123675 0.57959249 0.57797909 0.57639789 0.57485 0.57333631 0.57185755 0.57041427
0.6519194 0.64222897 0.63274164 0.62372025 0.61557194 0.60876916 0.60371777 0.60062548 0.59943738 0.59986774 0.60149887 0.60389025 0.6066557 0.60949804 0.61221135 0.61466667 0.61679275 0.6185583 0.61995803 0.62100258 0.62171167 0.62210968 0.62222287 0.62207772 0.62169989 0.62111377 0.62034217 0.61940625 0.61832551 0.61711785 0.61579967 0.61438597 0.61289041 0.61132545 0.60970245 0.60803173 0.60632264 0.60458371 0.60282264 0.6010464 0.5992613 0.59747302 0.59568667 0.59390686 0.59213769 0.59038283 0.58864554 0.58692872 0.58523491 0.58356635 0.58192498 0.58031248 0.57873027 0.57717956 0.57566137 0.57417651 0.57272562
0.65306942 0.64190981 0.63117869 0.6211783 0.61233911 0.6051317 0.59993383 0.59690674 0.59594229 0.59670393 0.5987303 0.60154582 0.60473799 0.60799137 0.6110888 0.61389555 0.61633862 0.61838752 0.62003927 0.62130756 0.62221534 0.62279017 0.62306121 0.62305747 0.62280686 0.62233565 0.62166822 0.62082706 0.61983277 0.61870418 0.61745842 0.61611114 0.61467652 0.61316747 0.61159572 0.60997191 0.60830569 0.6066058 0.60488018 0.60313598 0.60137969 0.59961715 0.59785362 0.59609383 0.59434201 0.59260197 0.59087708 0.58917034 0.5874844 0.58582161 0.584184 0.58257335 0.58099118 0.57943879 0.57791729 0.57642757 0.57497036
0.65515964 0.64263554 0.63081167 0.6200071 0.61064396 0.60315686 0.59786871 0.59488312 0.59404542 0.59498808 0.5972307 0.60028478 0.60372724 0.6072333 0.61057801 0.61362084 0.61628505 0.61853829 0.62037712 0.62181571 0.6228781 0.6235932 0.6239916 0.62410376 0.62395886 0.62358434 0.62300559 0.62224597 0.62132681 0.62026756 0.6190859 0.61779787 0.61641805 0.61495966 0.61343468 0.61185398 0.61022741 0.60856389 0.60687151 0.60515756 0.60342866 0.60169077 0.59994925 0.59820894 0.59647419 0.59474887 0.59303647 0.59134008 0.58966243 0.58800596 0.58637278 0.58476476 0.5831835 0.58163039 0.5801066 0.57861311 0.57715074
0.65848939 0.64473341 0.63197924 0.62053799 0.61079391 0.60311802 0.59775994 0.59476113 0.59392949 0.59488509 0.59715038 0.60024377 0.60374629 0.6073327 0.61077415 0.6139248 0.61670263 0.61907093 0.62102305 0.62257101 0.62373764 0.62455122 0.62504221 0.62524114 0.62517747 0.62487894 0.6243713 0.62367826 0.62282144 0.62182057 0.62069358 0.61945671 0.61812474 0.61671102 0.61522769 0.61368573 0.6120951 0.61046481 0.60880303 0.60711716 0.60541386 0.60369919 0.60197858 0.60025693 0.59853867 0.59682774 0.5951277 0.59344169 0.59177254 0.59012274 0.58849448 0.58688969 0.58531004 0.58375699 0.58223179 0.58073547 0.57926893
0.6632889 0.64843815 0.63490054 0.62295629 0.61292884 0.60510802 0.59966182 0.5965711 0.59561608 0.59641899 0.59852135 0.60146345 0.60484226 0.60833994 0.61172791 0.6148562 0.61763682 0.62002689 0.62201429 0.62360666 0.6248234 0.62569034 0.62623617 0.6264902 0.62648106 0.62623595 0.62578026 0.62513743 0.62432896 0.62337448 0.62229183 0.62109726 0.61980547 0.61842985 0.61698249 0.6154744 0.61391554 0.61231493 0.61068075 0.60902042 0.60734063 0.60564745 0.60394637 0.60224231 0.60053972 0.59884261 0.59715457 0.59547879 0.59381815 0.59217519 0.59055215 0.58895101 0.58737352 0.58582118 0.58429528 0.58279694 0.5813271
0.66968758 0.65386733 0.63966149 0.62730168 0.61703646 0.60906749 0.60348176 0.60020577 0.59900096 0.59950162 0.60127816 0.6039021 0.60699439 0.6102507 0.61344662 0.61642989 0.61910674 0.62142726 0.6233724 0.62494366 0.62615535 0.62702921 0.62759075 0.62786684 0.62788426 0.6276688 0.62724479 0.62663487 0.6258599 0.62493904 0.62388975 0.62272797 0.62146819 0.62012357 0.61870608 0.61722659 0.61569495 0.61412012 0.61251022 0.6108726 0.60921394 0.60754029 0.6058571 0.60416931 0.60248138 0.60079731 0.59912071 0.59745482 0.59580253 0.5941664 0.59254872 0.59095152 0.58937658 0.58782543 0.58629943 0.58479975 0.58332734
0.6776956 0.66101266 0.64621863 0.6334858 0.6229829 0.61482539 0.60902643 0.605467 0.60389743 0.60396959 0.60528723 0.6074573 0.61012905 0.61301572 0.61590025 0.61863017 0.62110687 0.62327342 0.62510321 0.62659057 0.62774354 0.62857857 0.62911685 0.62938181 0.62939748 0.62918747 0.62877442 0.6281796 0.62742282 0.62652235 0.62549499 0.62435611 0.62311975 0.62179871 0.62040464 0.61894815 0.61743892 0.6158857 0.61429649 0.61267853 0.6110384 0.60938207 0.60771494 0.60604191 0.60436741 0.60269543 0.60102957 0.59937305 0.59772877 0.59609932 0.59448701 0.59289388 0.59132174 0.58977216 0.58824652 0.58674603 0.5852717
